Markers_name	Type	Alias	Informative_meioses	Heterozygosity	Build37_map_physical_position	Sex.averaged_map_position	Female_map_position	Male_map_position	Build36_map_physical_position	Female_map_position_smoothed	Sex.averaged_map_position_smoothed	Male_map_position_smoothed
rs1562203	SNP	rs1562203	220	0.44	22815729	0	0	0	20367093	0	0	0
rs930586	SNP	TSC0256188	137	0.27	22833118	0	0	0	20384559	0.0342005117374181	0.0289802669430029	0.0240532099104639
rs1544285	SNP	TSC0423943	281	0.43	22853997	0	0	0	20405438	0.0752651206606196	0.0637769196259035	0.0529339373657849
rs8042900	SNP	rs8042900	151	0.26	22892083	0	0	0	20443524	0.213094116598516	0.200812777737740	0.182925812498078
D15S1035	STS	AFM344TE5	152	0.98	22908578	0	0	0	20459961	0.286726780447843	0.276459111731075	0.2563515756833
rs2028794	SNP	TSC1092178	292	0.39	22919415	0	0	0	20470856	0.335132756228052	0.325912772069126	0.304406898571638
rs1109036	SNP	rs1109036	257	0.38	22933691	0	0	0	20485132	0.399174746088072	0.388835261839179	0.366037129680445
rs999842	SNP	rs999842	202	0.49	23000272	0.3	0	0.47	20551713	0.702672179636981	0.679544276487489	0.651543105774685
rs3693	SNP	rs3693	276	0.52	23004893	0.3	0	0.47	20556334	0.724118099455827	0.699502482350521	0.671205537052546
rs1687	SNP	rs1687	118	0.42	23220318	0.3	0	0.47	20771759	1.60123597304290	1.5738471236759	1.53416021625369
rs824198	SNP	rs824198	117	0.32	24014325	4.24	4.31	4.08	21565418	4.02483359862708	3.98414327877631	3.95918212460393
rs1033327	SNP	rs1033327	156	0.44	24046527	4.24	4.31	4.08	21597620	4.09763659768269	4.05708698085408	4.03389926129619
rs898368	SNP	rs898368	246	0.52	24175704	4.24	4.31	4.08	21726797	4.34881564097845	4.32185665144750	4.31229455099969
D15S646	STS	ATA10C01	72	0.56	24348953	4.48	4.31	4.62	21900043	4.55387034247152	4.63854003686136	4.64690694354892
rs1110961	SNP	rs1110961	209	0.49	24369643	4.48	4.31	4.62	21920736	4.55967187747191	4.67441168232874	4.6829910597256
rs1107273	SNP	rs1107273	150	0.34	24369747	4.48	4.31	4.62	21920840	4.55970033208799	4.67459077283782	4.68317182125926
rs1961475	SNP	rs1961475	187	0.43	24479179	4.48	4.31	4.62	22030272	4.5888153118063	4.80637092076753	4.85454798560045
rs1563101	SNP	TSC0453546	352	0.46	24972731	4.48	4.31	4.62	22523824	4.79174773308814	4.89920699936249	5.1830753732718
rs1463292	SNP	TSC0377122	176	0.41	25000905	4.48	4.31	4.62	22551998	4.80664547471281	4.90629757704531	5.20246485134905
D15S1021	STS	AFMB344WC5	767	0.63	25015809	4.48	4.31	4.62	22566898	4.81454780242558	4.91007446204139	5.21269253047362
rs975963	SNP	rs975963	176	0.41	25017195	4.48	4.31	4.62	22568288	4.81536576598271	4.91052634522777	5.21353005653194
rs736008	SNP	rs736008	277	0.5	25092266	4.48	4.65	4.62	22643359	4.85471054029364	4.94366614115775	5.26149329123238
rs2167926	SNP	TSC1202583	187	0.27	25093709	4.48	4.65	4.75	22644802	4.85528314883337	4.94462402968798	5.26251151154373
rs951651	SNP	rs951651	85	0.21	25127120	5.04	4.74	5.31	22678213	4.86769921909217	4.97300160636475	5.28680467776707
rs2047433	SNP	rs2047433	266	0.48	25128338	5.04	4.74	5.31	22679431	4.86807282449084	4.97461786472572	5.28775761893751
D15S128	STS	AFM273YF9	979	0.79	25130800	5.04	4.74	5.31	22681797	4.86882801044447	4.97788488285765	5.28968384320815
rs705	SNP	rs705	85	0.4	25219512	5.04	4.74	5.31	22770605	4.9047825489295	5.11697756969916	5.35968713803827
rs691	SNP	WIAF-4513	69	0.46	25364795	5.04	4.74	5.31	22915888	5.13718246387073	5.35638852905908	5.49571745267902
rs17068	SNP	WIAF-4595	107	0.41	25570817	5.04	4.74	5.31	23121910	5.70519141531808	5.76395783685959	5.70839379003609
D15S122	STS	AFM200WB4	158	0.85	25680003	5.04	4.74	5.31	23231089	6.03144029589532	6.04087081923725	5.83808599189236
D15S10	STS	21-Mar	108	0.42	25684914	5.04	4.74	5.31	23236006	6.05328779309049	6.05428828930466	5.84451181738539
rs780	SNP	rs780	50	0.27	25695039	5.04	4.74	5.31	23246132	6.09980522474313	6.08170946886003	5.85791423827468
D15S210	STS	AFM320VD9	139	0.81	25748052	5.04	4.74	5.31	23299145	6.33576746643099	6.2068807759971	5.92893158306322
rs718977	SNP	rs718977	151	0.37	25774181	5.94	5.57	5.64	23325274	6.44371064296582	6.24832830520159	5.96486344283001
rs718979	SNP	rs718979	146	0.42	25774277	5.94	5.57	5.64	23325370	6.44410723468182	6.24848058668208	5.9649954593074
rs718980	SNP	rs718980	74	0.26	25774319	5.94	5.57	5.88	23325412	6.44428074355757	6.24854720982979	5.96505321651625
D15S986	STS	AFMA284ZA9	122	0.74	26022185	5.94	5.57	6.27	23573158	7.65112247912872	6.99583123718883	6.31989099158491
D15S1513	STS	D15S1513	621	0.61	26181567	7.7	9.39	6.27	23732575	8.5690034639627	7.54746106544598	6.55118002646643
rs1511492	SNP	TSC0766226	364	0.51	26217974	8.1	10.09	6.27	23769067	8.7782093314508	7.67301881448418	6.60914099133348
D15S540	STS	UT7715	259	0.28	26219975	8.1	10.09	6.27	23770779	8.7897886189006	7.67989927520201	6.61233628124514
rs881920	SNP	TSC0218344	356	0.46	26229695	8.1	10.09	6.27	23780788	8.84603583229985	7.71332160312668	6.62785762954167
rs2055893	SNP	TSC1082177	302	0.49	26231458	8.1	10.09	6.27	23782551	8.8562378731664	7.7193836982019	6.63067286997859
GABRB3	STS	GABRB3	1096	0.77	26735041	9.78	12.14	7.58	24286133	12.1937867147664	9.6989175611749	7.41965949702728
rs1426217	SNP	TSC0632811	321	0.49	26821125	9.78	12.14	7.58	24372218	12.5366279284249	9.96356826222613	7.6141739030962
D15S97	STS	MS14	1385	0.8	26831522	9.78	12.14	7.58	24382614	12.5773723951538	9.99770709357607	7.63915497689381
rs1426208	SNP	TSC0632802	366	0.43	26841254	9.78	12.14	7.58	24392347	12.61551081491	10.0296623793987	7.66253824227789
rs1863459	SNP	TSC0855820	188	0.37	26892676	9.78	12.14	7.58	24443769	12.8144879126822	10.2000699968746	7.80793297857916
rs11631421	SNP	rs11631421	256	0.52	26951338	9.97	12.5	7.58	24502431	13.0505090466211	10.3971795852196	8.00239278255347
rs11161335	SNP	rs11161335	301	0.47	27004095	9.97	12.5	7.58	24555188	13.2489738087352	10.5953950546439	8.1923821994156
rs3212337	SNP	rs3212337	289	0.49	27011111	9.97	12.5	7.58	24562204	13.2750534763107	10.6221766073061	8.21792076075812
rs1368022	SNP	rs1368022	233	0.52	27250910	10.92	14.01	8.32	24833656	14.1792256911999	11.5356625934409	9.17461153630828
D15S822	STS	GATA88H02	123	0.75	27390682	11.69	14.01	9.52	24973428	14.6662296446168	12.0931208008905	9.7891595839256
rs1378094	SNP	rs1378094	38	0.07	27456381	11.69	14.01	9.52	25039127	14.8925440600716	12.3609632273959	10.0885450625643
D15S975	STS	AFMA216ZC9	788	0.62	27476076	11.69	14.01	9.52	25058808	14.9589401169451	12.4419482925325	10.1801170875158
rs1571281	SNP	rs1571281	264	0.44	27771423	14.14	15.8	12.62	25445018	15.8427016792077	13.6700694709785	11.7066886089703
D15S1002	STS	AFMB066YH9	748	0.71	27849733	14.14	15.8	12.62	25523216	16.1270818675957	14.0479464344640	12.1579288251157
rs1477818	SNP	TSC0700365	347	0.41	27864416	14.14	15.8	12.62	25538011	16.1790072988921	14.1155090215448	12.2333734426399
rs1979372	SNP	rs1979372	268	0.45	27881836	14.14	15.8	12.62	25555431	16.2404517571510	14.1951566995217	12.3227312526983
rs1077037	SNP	rs1077037	208	0.43	27882962	14.14	15.8	12.62	25556557	16.2443218119593	14.199982124645	12.3284119536491
rs1871017	SNP	TSC0871746	182	0.42	27890491	14.14	15.8	12.62	25564086	16.2701989368717	14.2322473340175	12.3663959656016
rs1871009	SNP	rs1871009	267	0.49	27904793	14.14	15.8	12.62	25578388	16.3193548195251	14.2935379469071	12.4385499487262
D15S219	STS	MFD209	534	0.45	27905874	14.14	15.8	12.62	25579469	16.3230702096208	14.2981705264438	12.4440036234400
D15S156	STS	AFM214XG11	257	0.55	27907009	14.14	15.8	12.62	25580599	16.3269711973715	14.3030345206844	12.4497297296382
rs884073	SNP	TSC0023127	213	0.35	27925496	14.14	15.8	12.62	25599091	16.3905108982954	14.3822597731309	12.5429971527975
rs1580792	SNP	TSC0488038	317	0.4	27947415	14.14	16.53	12.62	25621010	16.4667129806587	14.4771251494587	12.6533163537155
rs1498521	SNP	rs1498521	251	0.45	28058908	14.55	16.53	12.62	25732503	16.8498522838022	14.9365472254501	13.1763215275263
D15S217	STS	GATA8B06	112	0.87	28074323	14.55	16.53	12.62	25747918	16.9027107896233	14.9991737508955	13.2442475289653
rs12910433	SNP	rs12910433	80	0.44	28228644	15.62	17.48	13.06	25902239	17.3968536419158	15.5514130584040	13.8569176511649
rs1520942	SNP	TSC0784581	128	0.22	29653997	18.66	20.66	16.72	27441289	21.1434904184336	19.2519275179842	17.5164926959289
D15S1019	STS	AFMB336YF1	663	0.6	29663477	18.66	20.66	16.72	27450716	21.1589895152250	19.270073472069	17.5336362817256
D15S815	STS	D15S815	102	0.72	29664080	18.66	20.66	16.72	27451372	21.1599753754956	19.2712276925662	17.5347267439867
rs982914	SNP	TSC0299337	418	0.49	29843935	18.66	20.66	16.72	27631227	21.4966571617481	19.5894910988486	17.8492595847584
rs779	SNP	WIAF-4551	33	0.17	29856238	19.18	21.07	16.84	27643530	21.5178546494319	19.6100632057452	17.8696852466210
D15S1048	STS	AFMA081XB9	552	0.82	29869416	19.49	21.1	17.79	27656619	21.5405597207719	19.6320984186757	17.8915635992199
rs7167195	SNP	rs7167195	205	0.3	29899382	19.51	21.31	18.18	27686674	21.5899606398661	19.6779881460751	17.9368341001217
D15S1233	STS	D15S1233	310	0.49	29899952	19.51	21.31	18.18	27687212	21.5908898975602	19.6788413182899	17.9376742658863
rs1037782	SNP	TSC0343056	99	0.15	29906948	19.51	21.31	18.18	27694240	21.6022953130477	19.6893128846315	17.9479861951657
rs1459359	SNP	TSC0693616	47	0.08	29950792	19.68	21.34	18.18	27738084	21.6690990313735	19.7599810779270	18.0144608529488
rs11073221	SNP	rs11073221	56	0.11	30020106	19.68	21.38	18.24	27807398	21.7693690784567	19.8632500352654	18.1122362633069
rs1719013	SNP	rs1719013	231	0.43	30151789	19.68	21.55	18.24	27939081	21.9503419949591	20.0432967752743	18.2746682155010
D15S1043	STS	AFMA048WG1	645	0.54	30237939	19.99	21.55	18.24	28025206	22.0726002300027	20.1519516487701	18.3737005442298
rs565	SNP	WIAF-4590	96	0.37	31231190	20.56	22.26	18.68	29018482	23.2932989051049	21.1646161334105	19.0386769229545
rs2873	SNP	WIAF-802	259	0.48	31231255	20.59	22.51	18.68	29018547	23.2934072513868	21.164696373733	19.0387433478983
D15S165	STS	AFM248VC5	819	0.71	31260619	20.59	22.51	18.68	29047841	23.3421031652999	21.2016591777526	19.0687743702195
rs1524876	SNP	rs1524876	218	0.48	31263272	20.59	22.51	18.68	29050564	23.3463621691518	21.2054003658067	19.0715007422024
rs2042613	SNP	rs2042613	169	0.44	31322862	20.64	22.59	18.68	29110154	23.4418027287732	21.289683420562	19.1347199894554
D15S184	STS	UT511	73	0.79	31491453	21.04	23.34	18.68	29278608	23.7299426927849	21.5343125287395	19.3222865593954
rs278357	SNP	rs278357	292	0.51	31497047	21.04	23.34	18.68	29284339	23.7400381937454	21.5426825330114	19.3285641458186
D15S976	STS	AFMA223XG1	330	0.46	31552351	21.1	23.34	18.68	29339626	23.8529142881298	21.6237248817452	19.3933397141339
D15S1031	STS	AFM312ZD9	1001	0.72	32088190	22.96	25.28	20.54	29875415	24.8780522102263	22.4167325955795	20.0725997674656
rs953325	SNP	rs953325	261	0.47	32217440	22.96	25.28	20.54	30004732	25.0591859377718	22.6018567815272	20.2754091556622
rs904951	SNP	rs904951	233	0.54	32418038	22.96	26.08	20.54	30205330	25.3019113562710	22.8862288770222	20.5983354718275
rs1258743	SNP	TSC1159091	42	0.06	33045243	23.83	26.08	21.01	30832535	26.9618634040313	24.4160401605820	22.1805163026852
rs1869035	SNP	TSC0867630	291	0.45	33056641	23.83	26.08	21.84	30843933	27.0082184275811	24.4579444829521	22.2190066647173
rs12439035	SNP	rs12439035	313	0.54	33074199	23.83	26.08	21.84	30861491	27.0796230459928	24.5229623100039	22.2784938888165
D15S1010	STS	AFMB295YF1	143	0.69	33090348	23.83	26.08	21.84	30877609	27.1452975637472	24.5827625656743	22.3332073631290
rs9806641	SNP	rs9806641	286	0.47	33095895	23.83	26.08	21.84	30883187	27.1678560224742	24.6033032813968	22.3520008266258
rs1534596	SNP	rs1534596	239	0.49	33114882	23.83	26.08	21.84	30902174	27.2374237675531	24.6782381970850	22.4212582381067
rs921510	SNP	TSC0235706	185	0.33	33117302	23.83	26.08	21.84	30904594	27.2461564903215	24.6878701598377	22.4301718865648
rs1562933	SNP	rs1562933	261	0.53	33167830	24.24	26.53	21.84	30955122	27.4225390927723	24.87496844609	22.6092317107124
rs1122090	SNP	TSC0011826	68	0.1	33197411	24.24	26.53	22.25	30984703	27.5197598235893	24.9702815631298	22.7069028640191
D15S231	STS	GTAT1B2	660	0.55	33250709	24.76	26.55	22.92	31037782	27.6939100748673	25.1487991413082	22.8782405774875
rs343913	SNP	rs343913	263	0.42	33345876	25.79	28.32	23.53	31133168	28.0068486872879	25.4890852512782	23.2057222204128
rs1026752	SNP	rs1026752	205	0.35	33390667	25.79	28.32	23.53	31177959	28.1257524128596	25.653724055844	23.3653988324399
rs1454985	SNP	rs1454985	227	0.44	33414466	25.79	28.32	23.53	31201758	28.2015829164282	25.7458246867007	23.4543389791227
D15S144	STS	AFM019TF6	1030	0.73	33600914	26.48	28.32	24.62	31388178	29.1236489585028	26.6238300853771	24.2736506791940
D15S995	STS	AFMB006XG5	633	0.61	33666499	26.98	29.38	24.62	31453770	29.4441409315741	26.9397580644434	24.5782799099342
rs17098	SNP	WIAF-2802	85	0.56	33699956	26.98	29.38	24.62	31487248	29.6088056807224	27.0977031862217	24.7284917037862
D15S1007	STS	AFMB293YG1	814	0.9	33737761	26.98	29.38	24.62	31524978	29.7716576702863	27.2634527306092	24.8946894557074
rs1878299	SNP	rs1878299	254	0.47	33741145	26.98	29.38	24.62	31528437	29.7852552598267	27.2777524084613	24.9094169478735
rs2033610	SNP	rs2033610	235	0.47	33754911	26.98	29.38	24.62	31542203	29.8405698040386	27.3359230246881	24.9693278985703
rs1812855	SNP	rs1812855	230	0.54	33805431	26.98	29.38	24.62	31592723	30.0567889107024	27.5418566326693	25.1771851693618
rs735545	SNP	rs735545	254	0.49	33811083	26.98	29.38	24.62	31598375	30.0812701042022	27.5647294165421	25.200174796955
rs8026677	SNP	rs8026677	248	0.44	33813054	27.3	30.39	24.62	31600346	30.0898073356933	27.5727057535933	25.2081918804628
rs951442	SNP	rs951442	206	0.52	33917942	27.3	30.39	24.62	31705234	30.4416265019448	27.9550930044984	25.5934924005809
rs1495280	SNP	rs1495280	212	0.49	33927764	27.49	30.39	24.62	31715056	30.4712373942974	27.9886208082322	25.6278228633823
rs2088142	SNP	rs2088142	199	0.49	33983486	28.31	30.39	26.23	31770778	30.6341285120316	28.1726543075300	25.820986530783
rs965471	SNP	TSC0271930	246	0.44	34081137	28.31	30.39	26.23	31868429	30.8955980223099	28.4598911480882	26.1421447312431
rs2115748	SNP	TSC1118897	356	0.47	34094451	28.31	30.39	26.23	31881743	30.9187716179971	28.4942693643376	26.1843548430888
rs2059956	SNP	rs2059956	303	0.51	34123532	28.31	30.39	26.23	31910824	30.9695458750160	28.5692901442288	26.2771407769152
D15S1040	STS	AFM360TE5	865	0.78	34126377	28.31	30.39	26.23	31913661	30.9747004235777	28.576546719675	26.2869181994798
rs8025406	SNP	rs8025406	303	0.5	34469400	29.06	30.85	27.3	32256692	31.6042522961702	29.411655587438	27.2932346635092
rs2705343	SNP	rs2705343	200	0.33	34545921	29.06	30.85	27.3	32333213	31.8103210760256	29.5905828359683	27.4343917098959
rs7164902	SNP	rs7164902	195	0.31	34551082	29.06	30.85	27.3	32338374	31.8255270410440	29.6026490775378	27.4435632922524
rs3063	SNP	WIAF-1283	36	0.27	34634033	29.38	31.82	27.3	32421325	32.067050385293	29.7925647558405	27.5926014104782
D15S232	STS	PLRGT19	406	0.77	34933920	29.72	32.27	27.3	32721211	33.0658930083909	30.4602073046642	27.892351906718
D15S1232	STS	D15S1232	112	0.84	34982533	30.25	32.27	27.63	32769825	33.2399262368734	30.5650458437949	27.9407197036184
rs580839	SNP	rs580839	224	0.53	34998829	30.25	32.27	27.63	32786121	33.2934367803195	30.5999078864679	27.9557616195961
rs678510	SNP	rs678510	160	0.31	35003309	30.25	32.27	27.63	32790601	33.3067435417961	30.6094539954417	27.9593799545257
rs1036460	SNP	rs1036460	101	0.21	35003398	30.25	33.35	27.63	32790690	33.3070078948700	30.6096436391244	27.9594518366258
ACTC	STS	ACTC	549	0.84	35083405	30.25	33.35	27.63	32870696	33.5505480780742	30.7748018310494	28.0375804286108
rs2862	SNP	WIAF-791	64	0.35	35145553	30.78	34.14	27.63	32932845	33.7453067478824	30.9070010831325	28.1117810987587
rs1055356	SNP	rs1055356	270	0.46	35148102	30.78	34.14	27.63	32935394	33.7543879253599	30.9123655221571	28.1151846032489
rs717941	SNP	rs717941	255	0.49	35196878	30.78	34.14	27.63	32984170	33.9269585118269	31.0149425379417	28.1800254267812
rs1551650	SNP	rs1551650	197	0.47	35293734	30.78	34.14	27.63	33081026	34.2049493409438	31.2119013108240	28.2826086284128
rs732165	SNP	rs732165	239	0.4	35354197	30.78	34.14	27.63	33141489	34.3635261617215	31.3209828136475	28.3648057715966
D15S971	STS	AFMA203YB1	661	0.8	35383939	30.98	34.14	28.26	33171119	34.4337813546901	31.3787476131238	28.4089654720492
rs1458885	SNP	rs1458885	163	0.28	35461760	31.48	34.16	28.26	33249052	34.6255597756565	31.5211593981953	28.5231039622868
rs11638640	SNP	rs11638640	184	0.33	35716935	31.48	34.16	28.26	33504227	35.1384292125755	31.9642459351456	28.9066568741663
rs1995165	SNP	rs1995165	308	0.52	36015136	31.48	35.25	28.26	33802428	35.5007412173727	32.5048850002250	29.3356686144554
rs1027486	SNP	rs1027486	159	0.36	36059349	32.5	35.25	29.73	33846641	35.5714169918621	32.5845748621412	29.4023757542805
rs1027487	SNP	rs1027487	164	0.49	36059589	32.5	35.25	29.73	33846881	35.5718006388862	32.5850074400449	29.4027378584932
D15S118	STS	AFM112XA1	911	0.75	36236843	32.5	35.25	29.73	34024021	35.8866791343091	32.9675772135749	29.7070653850815
D15S1042	STS	AFMA043TH9	140	0.79	36263611	32.5	35.25	29.73	34050736	35.9413058389832	33.0273420455037	29.7534071701924
rs1510388	SNP	TSC0764115	163	0.19	36342453	32.5	35.25	29.73	34129745	36.0907800477365	33.1953787457823	29.8919884468829
rs988311	SNP	rs988311	220	0.37	36532724	32.5	35.25	29.73	34320016	36.5282840479844	33.6288357928474	30.2370222366909
rs1377724	SNP	rs1377724	78	0.19	36857385	34.37	36.34	29.74	34644677	37.2943480948308	34.3551656070281	30.8261412119820
rs1377725	SNP	rs1377725	83	0.21	36857463	34.37	36.34	29.74	34644755	37.2945942796439	34.355348569427	30.8262818757991
rs1901127	SNP	rs1901127	122	0.23	37137376	34.37	36.34	31.72	34924668	38.1479306991255	35.0761943873297	31.3235819985845
rs1008109	SNP	rs1008109	124	0.4	37413138	35.54	39.61	31.72	35200430	38.9151128291590	35.6113403832346	31.8062848535699
rs957515	SNP	rs957515	230	0.46	37538480	35.62	39.61	31.72	35325772	39.2055953692792	35.8328227215752	32.0148526840911
rs1003223	SNP	rs1003223	218	0.45	37539807	35.62	39.61	31.72	35327099	39.208493723826	35.8349764768897	32.0170280833155
rs615051	SNP	rs615051	43	0.28	37667071	36.25	39.61	32.01	35454363	39.5192398590457	36.0483601110685	32.2211212758917
D15S102	STS	N130	421	0.82	37975583	36.25	39.61	32.45	35762874	40.3024712386282	36.5678579084784	32.7290368863648
rs1108081	SNP	rs1108081	238	0.57	38106163	36.25	40.5	32.45	35893455	40.6092565421552	36.7575459278211	32.9532153328794
rs16923	SNP	WIAF-2889	126	0.48	38159054	36.25	40.5	32.45	35946346	40.7432432231733	36.840969575139	33.0386607169397
D15S194	STS	UT5157	375	0.36	38349138	36.9	40.5	33.4	36136328	41.1812901838202	37.1529891932419	33.3017626975043
rs11073314	SNP	rs11073314	205	0.32	38581326	36.9	40.5	33.4	36368618	41.6981673482738	37.5532924911130	33.5838962564451
rs1136973	SNP	rs1136973	315	0.5	38781312	37.25	41.09	33.4	36568604	42.3599762690114	37.9755491003174	33.8227618509085
rs1316583	SNP	rs1316583	18	0.04	38886046	37.25	41.09	33.4	36673338	42.6454402789607	38.1821356579338	33.9535200674594
rs903532	SNP	TSC0181040	259	0.33	38997904	37.25	41.09	33.4	36785196	42.9927824698272	38.3993979213888	34.0903717313675
D15S1012	STS	AFMB298WH9	953	0.74	39007543	37.25	41.09	33.4	36794818	43.0212579356989	38.4168896171113	34.1005035961947
rs723049	SNP	TSC0052232	280	0.53	39049916	37.25	41.09	33.4	36837208	43.1410298267497	38.4947857356238	34.1455307975792
rs17117	SNP	WIAF-2887	47	0.39	39088871	37.5	42.8	33.48	36876163	43.2453317512572	38.5679475061849	34.188635397777
rs1368801	SNP	rs1368801	51	0.11	39227595	39.07	43.89	34.38	37014887	43.6405700851725	38.8439482735518	34.3780201275717
rs1368800	SNP	rs1368800	151	0.48	39227644	39.07	43.98	34.38	37014936	43.6407065861734	38.8440347875225	34.378085210004
rs1368798	SNP	rs1368798	166	0.41	39227734	39.07	43.98	34.38	37015026	43.6409573022974	38.8441936907341	34.3782047491655
rs1433887	SNP	rs1433887	251	0.46	39229103	39.07	43.98	34.38	37016395	43.6447709731166	38.846610785141	34.3800230726327
rs768269	SNP	rs768269	247	0.47	39235357	39.07	43.98	34.38	37022649	43.6621929579986	38.8576527927529	34.3883297161415
rs1433895	SNP	rs1433895	217	0.45	39243457	39.07	43.98	34.38	37030749	43.682769074507	38.8728940743884	34.3991199380824
rs967498	SNP	rs967498	109	0.36	39248959	39.07	43.98	34.38	37036251	43.6964087610398	38.8834060942285	34.4064546659018
rs1158417	SNP	rs1158417	232	0.45	39255335	39.07	43.98	34.38	37042627	43.7122151298753	38.8955879623676	34.4149545249668
rs2004175	SNP	rs2004175	292	0.56	39331794	39.07	43.98	34.38	37119086	43.9107421249059	39.0517579297431	34.5175237761655
rs276855	SNP	rs276855	244	0.53	39531313	39.07	43.98	34.38	37318605	44.447139379769	39.4632827580316	34.8138028823084
D15S1044	STS	AFMA051YC1	120	0.72	39668975	39.07	43.98	34.38	37456253	44.7409364112574	39.7457492118678	35.0863018974089
rs724098	SNP	rs724098	118	0.26	39772759	39.07	43.98	34.38	37560051	44.9888325847839	39.9705557250834	35.2783054962771
rs1382445	SNP	rs1382445	58	0.15	39820603	39.07	44.72	34.38	37607895	45.0918676005643	40.0642936641381	35.3705562162762
THBS1	STS	THBS1	88	0.47	39889225	39.07	44.74	34.38	37676517	45.2114798164321	40.202040746739	35.5126580914956
D15S146	STS	AFM070XD7	913	0.69	40124052	40.25	44.74	35.81	37911332	45.4537102277942	40.5911864141149	35.9879138847465
rs440383	SNP	rs440383	115	0.36	40135854	40.25	44.74	35.81	37923146	45.4615576805208	40.6096827336732	36.0114185877168
rs994402	SNP	rs994402	283	0.47	40161267	40.25	44.74	35.81	37948559	45.4779737406292	40.6496024289102	36.0620073717246
rs500200	SNP	rs500200	269	0.41	40232001	40.25	44.74	35.81	38019293	45.5136543846661	40.7562413815059	36.2014786900446
rs749749	SNP	TSC0132434	273	0.43	40350131	40.25	44.74	35.81	38137423	45.573160169428	40.9247036078516	36.4432728689506
rs588739	SNP	TSC0355661	381	0.49	40385088	40.73	45.23	36.3	38172380	45.5880703563743	40.9771809620122	36.5115704047161
D15S129	STS	ZI-280	508	0.85	40399648	40.73	45.31	36.3	38186925	45.5944834178099	40.9998659402073	36.540406815739
D15S214	STS	AFMA123XC5	511	0.46	40400245	40.73	45.31	36.3	38187525	45.5947463709471	41.0007960866347	36.5415891878119
rs1565863	SNP	rs1565863	184	0.36	40438120	40.73	45.31	36.3	38225412	45.6098492388403	41.0581974568254	36.6174135197242
D15S994	STS	AFMB002XH9	131	0.64	40582081	41.47	45.31	37.39	38369343	45.688720715579	41.3037613474422	36.9583808831124
D15S968	STS	AFMA153WF1	378	0.78	40645268	41.47	45.31	37.39	38432558	45.7295480771504	41.4102384560212	37.0900503301631
rs957603	SNP	rs957603	170	0.58	41009668	41.47	45.31	37.39	38796960	45.8113783656313	41.8233514162011	37.6415080823872
rs1869907	SNP	rs1869907	226	0.48	41256766	41.47	45.31	37.39	39044058	45.847648198153	41.9638544437703	37.8430946749684
rs9796	SNP	rs9796	238	0.47	41271447	41.47	45.31	37.39	39058739	45.8503310758269	41.9733242625368	37.8547825996529
rs1009913	SNP	rs1009913	218	0.47	41331050	41.47	45.31	37.39	39118342	45.8644192760792	42.0089561686652	37.9025014553628
rs1899	SNP	WIAF-3863	45	0.27	41689232	41.47	45.31	37.39	39476524	46.14156550085	42.1761484236194	38.0709073691232
rs1077809	SNP	TSC0132118	325	0.42	41804694	41.47	45.32	37.39	39591986	46.2301441769444	42.2358352049836	38.1295183679539
rs928371	SNP	TSC0245196	60	0.07	41822725	41.47	45.52	37.39	39610017	46.2409288592756	42.2448939146132	38.1396408779662
D15S641	STS	ATA3E11	414	0.45	41843931	41.47	45.52	37.39	39631199	46.2536125691927	42.2555477328377	38.1515458165342
rs1899819	SNP	TSC0940969	152	0.22	41913668	41.97	45.52	38.02	39700960	46.3047581913234	42.2924252140609	38.1898724231418
rs2616	SNP	WIAF-317	111	0.37	42045660	41.97	45.52	38.02	39832952	46.3808988814868	42.3563631158176	38.2571763929293
rs1197668	SNP	rs1197668	248	0.51	42140414	41.97	45.52	38.02	39927706	46.4309137676496	42.3982518500276	38.2995978670222
rs1008710	SNP	rs1008710	152	0.22	42142392	41.97	45.52	38.02	39929684	46.4318809542216	42.3990510413594	38.3004214842406
rs1113333	SNP	rs1113333	183	0.41	42194217	42.14	46.72	38.02	39981509	46.4600643241572	42.4183461108100	38.3148101608714
D15S514	STS	M806G4G10	213	0.69	42210339	42.22	46.72	38.02	39997630	46.4689351805396	42.4239030209873	38.3180779710202
rs750052	SNP	rs750052	29	0.09	42361022	42.22	46.72	38.02	40148314	46.5512246100044	42.4643474769189	38.3364966958236
rs614215	SNP	rs614215	243	0.46	42372648	42.22	46.72	38.02	40159940	46.558024027149	42.4670184724658	38.3376337749821
rs573615	SNP	rs573615	218	0.43	43614281	42.22	46.72	38.02	41401573	47.0835065906886	42.6748480133534	38.4249445511190
rs488756	SNP	rs488756	149	0.27	43614724	42.22	46.72	38.02	41402016	47.0835373240728	42.6749014924358	38.425002103968
rs956391	SNP	rs956391	116	0.22	43617493	42.22	46.72	38.02	41404785	47.0837294250684	42.6752357668811	38.4253618417536
D15S784	STS	M296F11	95	0.36	43919764	42.22	46.72	38.02	41707055	47.1024116732706	42.705164315778	38.5142265439687
rs2788	SNP	WIAF-618	72	0.18	44064886	42.22	46.72	38.02	41852178	47.1118061004673	42.7209607660962	38.5637934751691
D15S182	STS	UT477	48	0.39	44736298	42.68	46.72	38.02	42523499	47.1723591678283	42.8987744283782	38.9202009692929
D15S537	STS	UT7098	904	0.76	44815488	42.68	46.72	38.02	42602704	47.1815738846308	42.9293308247424	38.9765396111112
rs950475	SNP	rs950475	51	0.12	45202919	42.68	46.72	39.07	42990211	47.3005432325744	43.1646439517804	39.2129700690676
rs956093	SNP	rs956093	56	0.12	45202972	42.68	46.72	39.07	42990264	47.3005820209587	43.1646827803234	39.2130032290372
rs950474	SNP	rs950474	93	0.2	45203065	42.68	46.72	39.07	42990357	47.3006500835953	43.1647509134271	39.2130614153989
rs963002	SNP	rs963002	120	0.22	45313679	42.68	46.72	39.07	43100971	47.3886460342838	43.2434284432698	39.2870433248097
rs1648282	SNP	rs1648282	245	0.48	45425864	42.68	46.72	39.07	43213156	47.4855488065051	43.3368673785452	39.3615105574546
D15S222	STS	L944B11	177	0.8	45445630	42.91	46.97	39.07	43232921	47.5054917117916	43.3536740132213	39.3755859047606
rs1648312	SNP	rs1648312	234	0.48	45457349	43.08	46.97	39.27	43244641	47.5173909578442	43.3636955823373	39.3839446527362
rs1648308	SNP	rs1648308	234	0.48	45474109	43.08	46.97	39.27	43261401	47.5344087378461	43.378027991108	39.3958989676156
D15S172	STS	MH22-1	320	0.7	45576219	43.08	46.97	39.27	43363510	47.640046539665	43.4663411697868	39.4686675430058
rs1426932	SNP	rs1426932	207	0.46	45687256	43.08	46.97	39.27	43474548	47.7759961681268	43.5698204621444	39.5516581527642
D15S1508	STS	D15S1508	13	0.18	45772015	43.47	47.75	39.27	43559307	47.9076694928784	43.6564228148417	39.6033866008514
D15S659	STS	GATA63A03	1081	0.83	46374008	43.83	48.45	39.27	44161166	49.0363516562704	44.4341784367802	39.8674337834977
rs1402116	SNP	rs1402116	290	0.5	46387736	43.83	48.45	39.27	44175028	49.0634789429473	44.4525602895778	39.8738563815775
rs1402118	SNP	rs1402118	291	0.49	46392288	43.83	48.45	39.27	44179580	49.0724739465132	44.4586554377374	39.8759860192858
rs1030588	SNP	rs1030588	293	0.54	46726181	44.76	49.11	40.11	44513473	49.6130026057314	44.9001478584773	40.1398319918523
rs1367814	SNP	rs1367814	260	0.47	46798142	44.76	49.11	40.11	44585434	49.6904497066454	44.9872739428611	40.2231543629397
rs17133	SNP	WIAF-2949	100	0.46	47010502	44.87	49.96	40.11	44797794	49.9466506691915	45.2659253663046	40.5216472967459
D15S132	STS	AFM265XF9	133	0.63	47201150	45.39	49.96	40.4	44988304	50.0942265637378	45.5214449333308	40.8721105088651
rs1398207	SNP	TSC0577078	131	0.17	47307853	45.39	49.96	40.4	45095145	50.1658721540125	45.6798713720474	41.0927146079002
D15S1006	STS	AFMB291YF1	615	0.8	47546963	45.39	49.96	40.87	45334160	50.3714521186109	46.0202711671711	41.5513305278572
rs728429	SNP	rs728429	101	0.29	47558850	45.39	49.96	40.87	45346142	50.3818611601116	46.0363035554432	41.5734535426894
rs1908793	SNP	rs1908793	68	0.25	47611448	45.39	49.96	40.87	45398740	50.4283801733572	46.1053657616474	41.6657704474065
rs623549	SNP	rs623549	318	0.57	47634000	45.82	49.96	41.57	45421292	50.4482157659494	46.1351666803445	41.7045373821543
rs3371	SNP	WIAF-1861	137	0.51	47650106	45.82	49.96	41.57	45437398	50.4620846907187	46.1572793039779	41.7326524883213
D15S161	STS	AFM261XB9	132	0.73	47659797	45.82	49.96	41.57	45447071	50.4704296398022	46.1705844968024	41.7495693822655
rs281265	SNP	rs281265	261	0.55	47675602	45.82	49.96	41.57	45462894	50.4840393725712	46.1922838645241	41.7771590540008
rs3198	SNP	rs3198	257	0.48	47686263	45.82	49.96	41.57	45473555	50.4920770118637	46.2057536153576	41.795263649397
D15S208	STS	AFM310WE1	101	0.66	47709451	45.82	49.96	41.57	45496742	50.5089134399855	46.2343911402538	41.834356000223
D15S990	STS	AFMA337ZE1	505	0.6	47761467	45.82	49.96	41.57	45548671	50.5491582983458	46.2983659652943	41.9268300727853
D15S1039	STS	AFM359TF9	917	0.82	47763995	45.82	49.96	41.57	45551286	50.5511864436416	46.3014674210916	41.9314637688850
rs890153	SNP	rs890153	207	0.53	47820431	45.82	49.96	41.57	45607723	50.5941386626963	46.3711303783041	42.0375208715265
rs718113	SNP	rs718113	163	0.51	47875273	45.82	49.96	41.57	45662565	50.6341162814305	46.4392753239994	42.1436462391665
rs1435735	SNP	rs1435735	203	0.51	47877143	45.82	49.96	41.57	45664435	50.635472227841	46.4416013167919	42.1472821049668
D15S143	STS	AFM016YG1	254	0.67	47903268	45.82	49.96	41.57	45690445	50.6536865249587	46.4758899134108	42.1960704931967
rs1993150	SNP	rs1993150	258	0.46	48067518	46.54	50.21	42.53	45854810	50.7692539222706	46.6814573995499	42.4969617406836
rs537848	SNP	rs537848	255	0.47	48095108	46.54	50.21	42.53	45882400	50.792574374342	46.7150244275925	42.5531583187348
rs1542043	SNP	rs1542043	349	0.47	48138418	46.54	50.21	42.53	45925710	50.8290767865506	46.7663348780505	42.6393377362937
rs1377681	SNP	rs1377681	95	0.22	48296681	46.87	50.97	42.81	46083973	50.9903488524855	46.9585291675055	42.8676404275028
rs1559857	SNP	rs1559857	2	0.01	48396808	46.91	51.02	42.83	46184100	51.120550952289	47.0718503436752	42.9857447857380
D15S1024	STS	AFMB351YH1	59	0.37	48552488	46.99	51.12	42.84	46339712	51.354028113474	47.2715821563777	43.1660494310411
D15S196	STS	UT1532	388	0.53	48709394	46.99	51.12	42.84	46496526	51.6197589680436	47.4754947383336	43.3260791066263
D15S992	STS	AFMA345XH9	359	0.81	48839742	46.99	51.12	42.84	46627033	51.8772407891923	47.6445817567132	43.4405978438137
rs668842	SNP	rs668842	145	0.38	48891965	46.99	51.12	42.84	46679257	51.9768011561143	47.7169152564947	43.4865058949692
rs1876206	SNP	rs1876206	109	0.23	48900586	46.99	51.12	42.84	46687878	51.9918213381484	47.7288663774179	43.4941395114038
D15S1028	STS	AFMC029XC1	833	0.81	48996982	46.99	51.12	42.84	46784271	52.1680982902461	47.8461948579139	43.5659372846544
rs1062124	SNP	rs1062124	244	0.53	49117549	47.48	51.56	43.52	46904841	52.3751767382384	47.9808596971291	43.6436219325998
D15S978	STS	AFMA231WB5	143	0.9	49274807	48.02	52.56	43.52	47061967	52.6209213950585	48.1353056169242	43.7302752342821
D15S126	STS	AFM218YF12	156	0.85	49302271	48.02	52.56	43.52	47089558	52.6575665832778	48.1599251422981	43.7446719374522
rs877007	SNP	rs877007	276	0.42	49328903	48.02	52.56	43.52	47116195	52.6913160520145	48.1835348364085	43.7589027352775
D15S103	STS	G113	491	0.77	49348391	48.02	52.56	43.52	47135682	52.7148498313417	48.2006393912556	43.7694920638421
rs1048975	SNP	rs1048975	249	0.51	49417546	48.02	52.56	43.52	47204838	52.7981644898546	48.2573345660621	43.8029044189632
rs489813	SNP	rs489813	223	0.49	49432016	48.02	52.56	43.52	47219308	52.8141128360775	48.2688083531002	43.8095804904856
D15S119	STS	AFM150XF4	450	0.71	49493132	48.02	52.56	43.52	47280417	52.8782605577544	48.3142545546734	43.8364815528196
rs1864299	SNP	rs1864299	223	0.48	49607852	48.02	52.56	43.52	47395144	52.9782678626916	48.3855528255737	43.8807740710180
rs1981995	SNP	rs1981995	223	0.48	49612859	48.02	52.56	43.52	47400151	52.9821504071959	48.3884859181101	43.8828585690209
rs981612	SNP	rs981612	223	0.48	49665062	48.02	52.56	43.52	47452354	53.0231944190292	48.4174091163285	43.9014442803234
rs479062	SNP	rs479062	288	0.51	50090256	48.02	52.56	43.52	47877548	53.2264029345709	48.5539184564948	43.9627829298178
D15S1509	STS	D15S1509	50	0.54	50313288	48.02	52.56	43.52	48100580	53.2434648183244	48.5751629469402	43.9785787386551
rs720599	SNP	rs720599	173	0.41	50664515	48.02	52.56	43.52	48451807	53.2643180246477	48.6023663262803	44.0034925165812
rs2630	SNP	WIAF-336	235	0.45	50849399	48.02	52.56	43.52	48636691	53.2751904962995	48.618640757198	44.0202144500664
rs1912097	SNP	rs1912097	62	0.16	51186946	48.02	52.56	43.52	48974238	53.2971960894727	48.6630722365244	44.0834944661926
rs1147129	SNP	rs1147129	282	0.51	51204364	48.02	52.56	43.57	48991656	53.2986491440643	48.6667168730549	44.0878690805601
rs882386	SNP	rs882386	186	0.48	51882273	48.67	53.21	44.07	49669565	53.4097759920036	48.8596070217975	44.3614194431194
D15S1017	STS	AFMB330XD5	573	0.7	51981519	48.67	53.21	44.07	49768797	53.4346164445014	48.8860911821941	44.3967771425667
rs2077743	SNP	rs2077743	203	0.47	52027777	48.67	53.21	44.07	49815069	53.4567588771889	48.9039229366941	44.4118199701746
rs726158	SNP	rs726158	176	0.47	52065225	48.67	53.21	44.07	49852517	53.4805634609399	48.920352227118	44.4240355407417
D15S220	STS	D15S220	727	0.58	52073958	48.67	53.21	44.07	49861250	53.4861147702194	48.9241835930994	44.4268842530297
rs2014638	SNP	rs2014638	236	0.47	52122914	48.67	53.21	44.07	49910206	53.5202227857587	48.950627181003	44.4422544568559
rs2007355	SNP	rs2007355	217	0.51	52147625	48.67	53.21	44.07	49934917	53.5396287912837	48.9636435791407	44.4501656833186
rs2007335	SNP	rs2007335	196	0.49	52147911	48.67	53.21	44.07	49935203	53.5398602932962	48.9637925278433	44.4502578262296
D15S982	STS	AFMA246WB5	800	0.74	52358925	48.67	53.21	44.28	50146032	53.7227327395376	49.0866971443927	44.5170784481801
D15S1032	STS	AFM326VD9	127	0.69	52697150	48.67	53.21	44.28	50484441	54.0902431253786	49.3054506316432	44.5692101767606
rs4548810	SNP	rs4548810	218	0.35	52943814	48.9	53.67	44.28	50731106	54.4317036483814	49.4942552109775	44.5886672601866
rs2017176	SNP	rs2017176	217	0.46	53006147	48.9	53.67	44.28	50793439	54.615783377939	49.585383355167	44.5931695127194
rs1357	SNP	WIAF-3287	62	0.22	53071000	48.9	53.67	44.28	50858292	54.7916020591718	49.6720307719736	44.5976429313371
rs2460	SNP	WIAF-88	118	0.44	53073084	48.9	53.67	44.28	50860376	54.7964808542437	49.6750098537534	44.5977816082543
D15S106	STS	D15S106	313	0.34	53143461	48.9	53.67	44.28	50930707	54.943241850377	49.7554682951045	44.6029848449816
rs1899728	SNP	rs1899728	131	0.24	53146543	49.39	54.54	44.28	50933835	54.9491691894729	49.7584323942386	44.603227150652
D15S1016	STS	AFMB324YH9	986	0.91	53532829	49.87	55.47	44.28	51320120	55.794427398987	50.2270353813211	44.6359004263920
rs1400215	SNP	rs1400215	153	0.33	53678586	50.11	55.87	44.28	51465878	56.1215471786691	50.4125264836335	44.6551794639818
rs1400214	SNP	rs1400214	129	0.31	53678650	50.11	55.87	44.28	51465942	56.1217154790285	50.4126207333557	44.6551926187715
rs1400212	SNP	rs1400212	129	0.29	53678872	50.11	55.87	44.28	51466164	56.1222992709	50.4129476620793	44.6552382494479
rs1038553	SNP	rs1038553	152	0.33	53679121	50.11	55.87	44.28	51466413	56.1229540644855	50.4133143524044	44.6552894298012
D15S209	STS	AFM312WD1	895	0.81	53772564	50.11	55.87	44.28	51559695	56.3832795530468	50.5574529343349	44.6759987368434
rs952993	SNP	rs952993	191	0.32	53785933	50.37	55.9	44.33	51573225	56.4153768778606	50.5759899903091	44.6787125531842
rs952994	SNP	rs952994	172	0.45	53785975	50.37	55.9	44.33	51573267	56.4154777146953	50.5760482262542	44.6787210788994
rs953521	SNP	rs953521	138	0.31	53816482	50.37	55.9	44.33	51603774	56.4887212697925	50.6183483209961	44.6849137930224
rs562025	SNP	rs562025	146	0.31	53816808	50.37	55.9	44.33	51604100	56.4896739671517	50.6188505982772	44.6849884962474
D15S170	STS	UTSW1560	146	0.74	53867155	50.37	56.45	44.33	51654446	56.6487263383048	50.6999449052693	44.6971233986323
D15S1003	STS	AFMB076WC9	122	0.79	53911392	50.37	56.45	44.33	51698598	56.7579383379175	50.7629046723817	44.7115031243578
rs690054	SNP	rs690054	276	0.5	54000973	50.37	56.45	44.33	51788265	56.9553001233445	50.87987727802	44.7521777574508
rs690526	SNP	rs690526	233	0.45	54007118	50.37	56.45	44.33	51794410	56.9674145902391	50.8867415144134	44.7554731588603
rs1381195	SNP	rs1381195	175	0.47	54080810	50.37	56.65	44.33	51868102	57.1027491037995	50.9673117014894	44.7973752542241
rs12902524	SNP	rs12902524	367	0.51	54549538	50.98	57.46	44.33	52336830	57.7193309212114	51.3307784941012	45.1852031009637
rs8036716	SNP	rs8036716	262	0.39	54564267	50.98	57.46	44.33	52351559	57.7297689458738	51.3404334745576	45.1980347967434
rs1858359	SNP	rs1858359	243	0.48	54649360	51.13	57.46	45.27	52436652	57.7976269063201	51.3881797718635	45.2575434964109
rs1402111	SNP	rs1402111	160	0.3	54811851	51.13	57.46	45.27	52599143	57.9365043522291	51.4970099356946	45.3661578276701
rs2078426	SNP	rs2078426	213	0.48	54953104	51.13	57.46	45.27	52740396	58.060097188008	51.5918938404748	45.4442783781766
rs1074876	SNP	rs1074876	213	0.48	54953257	51.13	57.46	45.27	52740549	58.0602216849191	51.5919883872292	45.4443585271508
rs2078427	SNP	rs2078427	180	0.41	54953290	51.13	57.46	45.27	52740582	58.060248537194	51.5920087796665	45.4443758141844
rs951048	SNP	rs951048	228	0.55	55307211	51.13	57.46	45.27	53094503	58.3262176899161	51.7921620657943	45.5808784535212
rs723615	SNP	rs723615	116	0.21	55368124	51.35	57.52	45.27	53155416	58.3620306310332	51.8232426019603	45.5972420918177
rs472579	SNP	rs472579	260	0.41	55668414	51.65	57.99	45.27	53455706	58.5376377527515	51.9591271284061	45.6389083354855
D15S1049	STS	AFMA085WG1	871	0.75	55755336	51.65	57.99	45.27	53542516	58.6009369705712	52.0006800858691	45.6456175899977
rs16787	SNP	WIAF-3126	35	0.19	55800837	51.67	58.25	45.27	53588129	58.6355538172099	52.021221938522	45.6490733758513
rs1926	SNP	rs1926	92	0.29	55831247	51.69	58.33	45.27	53618539	58.6581870827007	52.0364729862607	45.6514077350778
rs1550329	SNP	rs1550329	292	0.43	55836965	51.69	58.33	45.27	53624257	58.6623740243585	52.039529451623	45.6518459896713
rs725150	SNP	rs725150	229	0.47	55842776	51.69	58.33	45.27	53630068	58.6666290642279	52.0426356286466	45.6522913722251
rs7165971	SNP	rs7165971	261	0.4	55921013	51.69	58.33	45.27	53708305	58.7197947392711	52.08231940529	45.6576204411674
D15S1029	STS	AFM296WG5	154	0.69	55963080	51.69	58.33	45.27	53750334	58.75032570237	52.1037036162660	45.6603357518981
rs1371056	SNP	rs1371056	151	0.28	55994909	51.69	58.33	45.27	53782201	58.7763301825564	52.1194745180769	45.6624327652371
rs8036481	SNP	rs8036481	374	0.49	56047546	51.69	58.33	45.27	53834838	58.8145789138223	52.1439705021749	45.6658601787564
D15S121	STS	AFM189YC1	119	0.58	56053618	51.69	58.33	45.27	53840821	58.8185885995876	52.1466746811639	45.6662519607304
D15S962	STS	AFMA106XG1	87	0.72	56575068	51.69	58.33	45.27	54362315	59.0910637576522	52.3224236067559	45.7022462163685
rs1384126	SNP	rs1384126	281	0.49	56843099	52.24	58.33	45.49	54630391	59.1634255085298	52.3965939971537	45.7401927133646
rs2128172	SNP	rs2128172	152	0.3	56941323	52.24	59.31	45.49	54728615	59.2331627236274	52.4559833323071	45.7791071929913
rs11630168	SNP	rs11630168	289	0.48	56948527	52.24	59.31	45.49	54735819	59.2399215544351	52.460327643406	45.7826094109832
rs2279298	SNP	rs2279298	280	0.49	56968501	52.24	59.31	45.49	54755793	59.2586612666163	52.4723727946957	45.7923197527615
D15S1008	STS	AFMB293ZE9	80	0.55	57212640	52.43	59.31	45.55	54999898	59.6098801781785	52.732516796749	45.9520806018722
D15S648	STS	ATA20E12	821	0.77	57378309	52.48	59.31	45.73	55165601	59.914419725673	52.9410354700604	46.0800778633944
GATA153F11	STS	GATA153F11	615	0.7	57434446	52.48	59.31	45.73	55221722	60.0289908533253	53.0208601283868	46.1297001469376
rs1462156	SNP	TSC0698425	327	0.49	57503423	52.48	59.31	45.73	55290715	60.187470439469	53.126767717931	46.1939558846865
rs1037958	SNP	TSC0343274	218	0.53	57523542	52.48	59.31	45.73	55310834	60.2410281042417	53.1635670387121	46.2169806311013
rs935328	SNP	TSC0352507	328	0.37	57538801	52.48	59.31	45.73	55326093	60.2816482348033	53.1914770161363	46.2344434575611
rs935319	SNP	rs935319	153	0.44	57644533	52.96	60.01	45.73	55431825	60.5696652060422	53.3962328417112	46.3621609435573
rs11856	SNP	rs11856	232	0.42	57842441	53.44	60.7	45.73	55629733	61.1352527856225	53.7879004928724	46.5614989554564
rs744318	SNP	rs744318	270	0.51	57881889	53.44	60.7	45.77	55669181	61.2664115360719	53.8782985364428	46.6069510828413
D15S998	STS	AFMB034YG5	722	0.56	57893416	53.44	60.7	46.13	55680695	61.3057407707296	53.9056197904694	46.621524434764
rs1574373	SNP	TSC0205194	319	0.42	57900059	53.44	60.7	46.66	55687351	61.3284061742024	53.921365005226	46.6299230447078
rs890270	SNP	rs890270	35	0.03	57925191	53.44	60.7	46.66	55712483	61.4213687689149	53.9804125983587	46.6579972891625
D15S1022	STS	AFMB345WF9	290	0.46	57989505	53.45	60.7	46.66	55776795	61.682837603411	54.1422836215602	46.7256738721166
rs1808090	SNP	rs1808090	92	0.23	58085758	53.45	60.7	46.66	55873050	62.1102876496597	54.4098054064875	46.8293310126266
rs2008061	SNP	rs2008061	186	0.49	58085788	54.15	61.83	46.66	55873080	62.110418572206	54.4098876663047	46.8293636743734
rs956215	SNP	rs956215	234	0.45	58154773	54.91	63.33	46.66	55942065	62.3975319454355	54.5929327014273	46.9057622266485
rs956214	SNP	rs956214	193	0.44	58154912	54.91	63.33	46.66	55942204	62.3980913302444	54.5932931401075	46.905917938156
D15S198	STS	AFM234YE11	843	0.68	58471604	55.13	63.33	46.94	56258806	63.9349921041395	55.5592648795136	47.2818276541926
D15S117	STS	AFM098YG1	1276	0.83	58479598	55.13	63.33	46.94	56266838	63.9770410663391	55.5842274631305	47.2913966829692
D15S150	STS	AFM165XC7	113	0.68	58651739	55.13	63.33	46.96	56438962	64.8525004364458	56.1021194641415	47.4697992189966
rs723967	SNP	rs723967	277	0.57	58696300	55.13	63.33	47.19	56483592	65.0596721938531	56.2308597471472	47.5115930538666
D15S1033	STS	AFM333YB5	571	0.73	58761280	55.87	64.39	47.19	56548482	65.3644824521575	56.4161380732682	47.565397600256
rs690	SNP	WIAF-4515	71	0.43	58834741	56.21	64.41	47.37	56622033	65.6952580514693	56.6154488683587	47.6246506282029
rs347117	SNP	rs347117	219	0.43	59000957	56.95	66.58	47.43	56788249	66.3579988465511	57.016493908835	47.7721289547749
rs383902	SNP	rs383902	220	0.45	59034174	56.95	66.58	47.44	56821466	66.4760231296637	57.0964578728737	47.8044969517717
D15S148	STS	AFM135YC1	615	0.49	59042958	56.95	66.58	47.44	56830249	66.5068807396102	57.1157679904349	47.8130933902828
rs395601	SNP	rs395601	212	0.47	59063196	56.95	66.58	47.44	56850488	66.577939171373	57.1600689131115	47.8329030570167
rs387812	SNP	rs387812	212	0.47	59074786	56.95	66.58	47.44	56862078	66.6186332727729	57.185439389138	47.8442477569596
rs347115	SNP	rs347115	211	0.44	59082959	56.95	66.58	47.44	56870251	66.6473298120948	57.2033300621806	47.8522477770315
D15S964	STS	AFMA121ZB9	103	0.48	59086512	56.95	66.58	47.44	56873763	66.6597330718418	57.2111456212916	47.8557980682052
rs610877	SNP	rs610877	211	0.42	59103328	56.95	66.58	47.44	56890620	66.7172780885203	57.2487496721997	47.8737704878331
rs4287498	SNP	rs4287498	257	0.39	59548227	57.44	67.13	48.06	57335519	68.0108882599206	58.1649871938824	48.3991485077589
rs3743501	SNP	rs3743501	300	0.52	59591079	57.77	67.53	48.06	57378371	68.0788669138924	58.2287297856705	48.4623307666629
D15S643	STS	GATA50G06	874	0.87	59713823	57.77	67.53	48.06	57501058	68.2306253682868	58.4030386691463	48.6510042169087
rs11638680	SNP	rs11638680	289	0.46	59726610	57.77	67.53	48.06	57513902	68.2351048924632	58.4165042442879	48.6692277016199
rs725463	SNP	rs725463	239	0.45	60143079	58.62	67.57	49.08	57930371	68.3132020246017	58.6622344852408	49.1071773468727
D15S527	STS	UT701	522	0.88	60167069	58.62	68.25	49.08	57954545	68.3203305528863	58.678098734287	49.1245811520994
D15S98	STS	MS112-1	477	0.86	60330743	58.62	68.25	49.08	58118034	68.497922902789	58.8510350821976	49.268053442024
D15S195	STS	UT1232	66	0.48	60352091	58.62	68.25	49.08	58139375	68.5306232492843	58.8782336450785	49.2891662156807
rs931183	SNP	rs931183	180	0.41	60358630	58.62	68.25	49.08	58145922	68.5406395302348	58.8865647019774	49.2956331646662
rs929984	SNP	rs929984	232	0.41	60358737	58.62	68.25	49.08	58146029	68.540803430229	58.8867010260465	49.2957389856696
D15S155	STS	AFM211ZC1	357	0.74	60413053	58.62	68.25	49.08	58200336	68.6335696397959	58.9598398524742	49.336748383861
rs1545540	SNP	rs1545540	250	0.46	60699608	58.62	68.25	49.08	58486900	69.202399876257	59.3727556376077	49.6136144189765
rs3068	SNP	rs3068	259	0.49	60715643	58.62	68.25	49.08	58502935	69.2454893457777	59.3944337003352	49.6286193971532
rs936013	SNP	rs936013	250	0.46	60718265	58.62	68.25	49.08	58505557	69.2525352197461	59.3979784387494	49.6310729707596
rs235512	SNP	rs235512	284	0.52	60915470	58.62	68.25	49.08	58702762	69.8772559975552	59.814863504096	49.8286075408744
rs877228	SNP	rs877228	234	0.48	61076591	58.86	68.65	49.08	58863883	70.3277956843767	60.1218410082559	49.9725374226422
MFD297	STS	MFD297	76	0.42	61090295	58.86	68.65	49.08	58877586	70.3632140947632	60.1457198931904	49.9843127308514
rs2691	SNP	WIAF-425	165	0.57	61151965	58.86	68.65	49.08	58939257	70.521392762828	60.2448065977328	50.0372745934167
rs1482049	SNP	rs1482049	183	0.34	61224110	60.74	71.42	50.01	59011402	70.7165864462756	60.3612786541365	50.0943645580501
rs951265	SNP	TSC0047565	364	0.54	61289861	60.74	71.42	50.01	59077153	70.9113272860108	60.4837899465683	50.1397493817444
D15S970	STS	AFMA184YA5	679	0.54	61300229	60.74	71.42	50.14	59087450	70.9405921601527	60.502472827123	50.1476637888064
rs1543248	SNP	TSC0422279	60	0.09	61319645	60.74	71.42	50.14	59106937	70.9953960564048	60.5374599807545	50.1624849816609
rs718911	SNP	rs718911	36	0.09	61382424	60.74	71.42	50.14	59169716	71.1867385207436	60.6601604061445	50.2108724955532
rs719006	SNP	rs719006	163	0.48	61423189	60.74	71.42	50.14	59210481	71.3099238096306	60.7375278885365	50.2435699503119
rs737112	SNP	rs737112	245	0.52	61455072	60.74	71.42	50.14	59242364	71.3985931324421	60.7949876966659	50.2692559273747
rs726914	SNP	rs726914	56	0.31	61495458	60.74	71.42	50.14	59282750	71.5052052767082	60.8662935407887	50.302488064807
rs726913	SNP	rs726913	172	0.46	61495779	60.74	71.42	50.14	59283071	71.5062126351035	60.8669434018245	50.3027896150125
rs2143	SNP	WIAF-534	79	0.43	61913193	60.74	71.42	50.14	59700485	72.8017647401999	61.7118186098532	50.6661506973291
rs1370177	SNP	rs1370177	107	0.31	62313373	60.74	71.42	50.14	60100665	73.8456800548677	62.3104362440395	50.8862662846604
rs1436953	SNP	rs1436953	307	0.43	62414014	62.15	73.67	50.14	60201306	74.0485652301604	62.4351541367665	50.9484858956419
rs1406227	SNP	rs1406227	16	0.13	62459614	62.18	73.68	50.64	60246906	74.1370557821331	62.4933157890548	50.9850776788671
rs1569155	SNP	rs1569155	97	0.26	62459787	62.23	73.77	50.69	60247079	74.1373915028676	62.4935364462006	50.985216502957
D15S1036	STS	AFM344XH1	1063	0.85	62551652	62.23	73.77	50.93	60338674	74.3476662682155	62.6275140454415	51.0586879168545
D15S538	STS	UT7521	432	0.66	62633356	62.23	73.77	50.93	60420563	74.5289896739649	62.7469056194203	51.1272623534662
D15S1011	STS	AFMB297YB5	521	0.63	62742635	62.46	74.42	50.93	60529777	74.796227519977	62.9334342893738	51.2350593294223
D15S974	STS	AFMA210ZG5	163	0.97	62874352	63.07	75.12	50.93	60661612	75.0754483083129	63.1386628088528	51.3832207022196
GATA128E01	STS	GATA128E01	102	0.69	62928378	63.07	75.12	50.93	60715670	75.1799318653347	63.218960164017	51.4392568262967
rs9630428	SNP	rs9630428	385	0.52	62991210	63.07	75.12	50.93	60778502	75.2916457079575	63.3061485482893	51.5032515076656
rs1878786	SNP	rs1878786	256	0.49	63027278	63.07	75.46	50.93	60814570	75.3594467172403	63.352219283551	51.5392110009841
D15S997	STS	AFMB034XH5	134	0.82	63203191	63.07	75.46	51.74	60990204	75.7110868050885	63.6167855656568	51.7339669008995
D15S987	STS	AFMA297ZD5	382	0.7	63298446	63.07	75.46	51.74	61085451	75.8614033818966	63.739520083412	51.841465277796
D15S159	STS	AFM234ZD6	681	0.59	63426884	63.71	75.46	51.86	61213925	75.9957715618742	63.8793923195915	51.9837719609272
rs1126312	SNP	TSC0345381	287	0.34	63427638	63.71	75.46	51.86	61214691	75.9963651241191	63.8799432847013	51.9845625206359
rs1075456	SNP	rs1075456	272	0.52	63634405	63.71	75.46	51.86	61421458	76.193160925316	64.0761995052463	52.1763503319993
rs1392100	SNP	rs1392100	2	0.01	63658636	63.71	75.46	51.86	61445689	76.2168753724395	64.0982671766543	52.1976678518134
rs901273	SNP	rs901273	317	0.55	63677966	63.71	75.46	51.86	61465019	76.2359442271142	64.115811164992	52.2146279968303
rs11071755	SNP	rs11071755	223	0.45	63793936	63.71	75.76	51.86	61580989	76.3347897632997	64.2139095228521	52.3031141422303
rs9744846	SNP	rs9744846	154	0.29	63817452	63.71	75.76	51.86	61604505	76.3539206179987	64.2322820301595	52.3212668077177
rs11457	SNP	rs11457	205	0.43	63886379	63.71	75.76	51.86	61673432	76.40856941476	64.283994943503	52.3738011550682
D15S1196	STS	D15S1196	91	0.28	63886530	63.71	75.76	51.86	61673583	76.4086872662948	64.2841054281155	52.3739153615423
D15S790	STS	D15S790	62	0.47	64001842	63.71	75.76	51.86	61788895	76.4983546599288	64.3673647107408	52.4539573972358
rs749468	SNP	rs749468	254	0.47	64210279	63.71	75.76	51.86	61997332	76.6058996913271	64.494473047089	52.5788266435841
D15S993	STS	AFMA349WC5	1110	0.81	64217854	64.16	76.16	52.43	62004801	76.6084768226415	64.4980645311818	52.5827723452311
D15S644	STS	D15S644	138	0.66	64286534	64.16	76.16	52.43	62073587	76.6314726033819	64.5315472549969	52.6173986505297
D15S1018	STS	AFMB332YC5	511	0.65	64292350	64.16	76.16	52.43	62079402	76.6333880034162	64.5344620316884	52.6202318399456
rs1380839	SNP	rs1380839	222	0.46	64312164	64.51	76.49	52.44	62099217	76.6406152548483	64.5441949819146	52.6296039830696
rs950171	SNP	rs950171	219	0.47	65139936	64.51	76.64	52.44	62926989	77.1083434086918	64.9076905260229	52.8849173581796
D15S1009	STS	AFMB295XH1	117	0.68	65155672	64.51	76.64	52.44	62942629	77.1172953685948	64.9159129951473	52.8879709450036
D15S108	STS	MFD102	556	0.58	65184467	64.51	76.64	52.44	62971509	77.135850844582	64.9294873313236	52.8937988262944
D15S1507	STS	GATA151F03	1002	0.74	65340010	64.51	76.64	52.76	63127056	77.2247157114215	65.001703488508	52.9227830606966
rs591980	SNP	rs591980	249	0.51	65695983	65.07	77.51	52.76	63483036	77.4300888967945	65.1610497089086	52.9835757334477
rs352476	SNP	rs352476	220	0.49	65805389	65.07	77.51	52.76	63592442	77.6036504198397	65.2818667260041	53.0224092327163
D15S1020	STS	AFMB337WB1	168	0.88	65998649	65.07	77.51	52.76	63785634	78.0709614097363	65.5849503457946	53.1294174064797
rs333567	SNP	TSC0855147	116	0.13	66253733	65.3	77.57	52.76	64040787	78.8202661193858	66.0386187487534	53.2961210771923
rs432170	SNP	TSC0855143	174	0.21	66300341	65.3	77.89	52.76	64087395	78.9691999019823	66.1324869973884	53.3288867754029
D15S651	STS	ATA24A06	422	0.44	66304020	65.3	77.89	52.76	64090889	78.981992819707	66.1408596820554	53.3317263831817
rs170781	SNP	TSC0648867	117	0.16	66333100	65.3	77.89	52.76	64120154	79.0831121585038	66.2070400762152	53.3541715569269
rs1477798	SNP	rs1477798	178	0.37	66452246	66.22	78.98	52.84	64239300	79.7166159993704	66.585486042057	53.4953713029072
D15S213	STS	AFM350VH1	482	0.56	66452890	66.22	78.98	53.39	64239922	79.7204549022215	66.58787264399	53.4963056831505
D15S153	STS	AFM205YE3	723	0.83	66559969	66.22	79.2	53.39	64346916	80.2991782600761	66.934635932878	53.6350587253853
rs1347069	SNP	rs1347069	149	0.35	66726369	66.65	80.07	53.39	64513423	80.9995936656782	67.3655791866644	53.8130819971059
D15S534	STS	UT5980	53	0.67	66753713	66.65	80.07	53.39	64540657	81.1121088087037	67.4273509950593	53.8403618421383
rs537	SNP	rs537	168	0.29	66786299	66.65	80.07	53.39	64573353	81.2344230861732	67.5055976436416	53.8717165378735
D15S125	STS	AFM214XD10	105	0.79	67092946	67.17	81.19	53.39	64879881	82.2594600294274	68.1464776180714	54.1552864503816
rs3080	SNP	WIAF-1012	97	0.42	67161742	68.69	83.41	54.01	64948796	82.4691974368241	68.2779543354107	54.2138459845044
rs1381545	SNP	TSC0542960	102	0.14	67249276	68.73	83.41	54.18	65036330	82.7334219163228	68.4452389414737	54.2865341477263
rs446304	SNP	rs446304	132	0.37	67296087	68.73	83.41	54.18	65083141	82.887484533613	68.5357142787334	54.3262481737769
rs403844	SNP	rs403844	273	0.48	67296638	68.73	83.41	54.18	65083692	82.88938755892	68.5368886272118	54.3267245781585
rs904366	SNP	rs904366	198	0.42	67311872	68.73	83.41	54.18	65098926	82.9420022368288	68.5693569116409	54.3398961649994
rs266304	SNP	rs266304	93	0.2	67312334	68.73	83.41	54.18	65099388	82.9435978769229	68.5703415740674	54.3402956184011
D15S988	STS	AFMA301ZE9	298	0.52	67326583	68.73	83.41	54.18	65113574	82.9929632133746	68.6013723925615	54.3528793947566
rs1498506	SNP	rs1498506	435	0.5	67367634	68.73	83.41	54.18	65154688	83.1360835323398	68.6946747269104	54.3906889054451
rs745103	SNP	rs745103	212	0.43	67435075	68.73	83.41	54.18	65222129	83.392639912048	68.8574310647716	54.4616917455098
D15S1015	STS	AFMB316ZB1	127	0.91	67839381	69.04	83.8	54.79	65626232	84.7433548164795	69.6686681783783	54.8430074163708
rs1075991	SNP	rs1075991	209	0.33	68679181	69.82	84.92	54.96	66466235	85.823643481528	70.4259697233345	55.3376786792406
rs1077731	SNP	TSC0131034	337	0.45	68723233	69.82	84.92	54.96	66510287	85.878082499229	70.4704564811082	55.3695765895728
D15S983	STS	AFMA272ZD9	1039	0.86	68725800	69.82	84.92	54.96	66512719	85.8824734412935	70.4741616117468	55.3715116003282
rs1445020	SNP	rs1445020	203	0.45	68738166	69.82	84.92	54.96	66525220	85.9036259109352	70.492010324437	55.3808331207804
rs1838541	SNP	TSC0667889	29	0.03	68774339	70.18	85.68	54.96	66561393	85.9759344453812	70.5482105346047	55.4132397313747
rs728401	SNP	rs728401	148	0.4	68885814	70.19	85.68	54.96	66672868	86.2380284239988	70.751783119952	55.5297958355878
rs748681	SNP	rs748681	229	0.47	69200263	71.12	87.38	54.96	66987317	87.0438608980685	71.3093982868346	55.8545587135432
D15S1025	STS	AFMB360ZD9	639	0.6	69403423	71.47	87.48	55.82	67190225	87.6113556877025	71.7037464632392	56.0622959235402
D15S1000	STS	AFMB057WD1	280	0.52	69571161	71.47	87.48	55.82	67358130	88.2083386786021	72.1325158239978	56.2982691135844
rs1655	SNP	WIAF-3619	97	0.46	69609496	71.47	87.48	56.08	67396550	88.3305867783546	72.216798397042	56.3434058040754
D15S216	STS	AFMA143XC5	274	0.65	70003782	72.39	87.49	56.76	67790808	89.5380553208243	73.0050015993063	56.7272517108404
rs1996553	SNP	rs1996553	131	0.28	70224584	73.57	90.64	56.76	68011638	90.2556842234981	73.4326513230085	56.8909905886443
D15S650	STS	ATA22G05	70	0.42	70257065	73.57	90.64	56.76	68044119	90.3644459137102	73.4967879902162	56.9167933847345
D15S977	STS	AFMA225XC9	809	0.85	70454370	73.57	90.64	56.76	68241380	91.0675721943462	73.9137635289079	57.0711838138391
rs1818443	SNP	rs1818443	105	0.26	70574026	73.57	90.64	57.03	68361080	91.479818733214	74.1623745407105	57.1686740509875
D15S967	STS	AFMA151YA9	108	0.77	70690861	73.98	91.02	57.03	68477876	91.8588071594584	74.3927270941847	57.258628524545
rs952960	SNP	rs952960	184	0.4	70758902	74.46	92.2	57.03	68545956	92.0788070338953	74.5241124025895	57.3107082171725
D15S145	STS	AFM046XC9	372	0.41	70861183	74.46	92.2	57.03	68648229	92.4169537528064	74.72126254111	57.3844282242732
D15S981	STS	AFMA244WA5	358	0.62	70892869	74.46	92.2	57.03	68679855	92.5206375933233	74.7814331628748	57.4060803908186
rs12593783	SNP	rs12593783	276	0.47	71116742	74.46	92.2	57.03	68903796	93.2798651542535	75.2122050445044	57.5389869627132
rs1549317	SNP	rs1549317	236	0.41	71125204	74.46	92.2	57.03	68912258	93.3093604603924	75.2281886796245	57.543249003692
rs11630263	SNP	rs11630263	237	0.45	71155759	74.46	92.2	57.03	68942813	93.415863542297	75.2859031645094	57.558638587964
D15S131	STS	AFM262XB1	141	0.92	71183851	74.53	92.2	57.03	68970829	93.5102188225689	75.340589945232	57.5734284986032
rs1348318	SNP	rs1348318	186	0.45	71460693	74.53	92.2	57.03	69247747	94.4484131321158	75.8781819478021	57.7465647859741
rs908341	SNP	rs908341	280	0.49	71489440	75.2	94.32	57.03	69276494	94.5372465355413	75.925533749789	57.7617654518148
rs1372828	SNP	rs1372828	213	0.41	71515416	75.2	94.32	57.03	69302470	94.6172517159822	75.9675231705745	57.7753060590804
rs950667	SNP	rs950667	234	0.49	71921635	76.71	95.98	57.13	69708689	95.7433686362729	76.6149171536196	58.0004778076817
rs1392989	SNP	rs1392989	74	0.19	71921743	76.71	95.98	57.94	69708797	95.7436199229863	76.6150772586336	58.0005501527097
rs950668	SNP	rs950668	202	0.42	71921839	76.71	95.98	57.97	69708893	95.7438432889537	76.6152195742015	58.0006144594012
rs3455	SNP	WIAF-1945	62	0.35	71932117	76.71	95.98	57.97	69719171	95.7673773847784	76.6300321230792	58.0074221295306
D15S1050	STS	AFMA085XG5	122	0.71	71980969	76.71	95.98	57.97	69767942	95.8782059799996	76.699345959827	58.0396328362219
D15S110	STS	UTSW1518	258	0.49	72228195	76.71	95.98	57.97	70015248	96.446834936053	77.0582497814316	58.2050772004922
rs1074330	SNP	rs1074330	118	0.24	72250741	76.71	95.98	57.97	70037795	96.4932092858091	77.0891349517971	58.2180914904831
D15S204	STS	AFM290YA5	157	0.7	72300758	76.71	95.98	57.97	70087758	96.5784766987637	77.1477477160274	58.2458734267293
D15S197	STS	AFM200VE9	60	0.29	72385206	76.71	95.98	57.97	70172211	96.6417641469118	77.2127467491818	58.2945968403164
rs2009365	SNP	rs2009365	4	0.01	72610849	76.71	95.98	57.97	70397903	96.6804223466085	77.3085421711935	58.412818117624
D15S124	STS	AFM207XA3	589	0.44	73092468	76.71	95.98	57.97	70879321	96.7413833443574	77.3485907239257	58.5280553632174
D15S980	STS	AFMA232ZD1	166	0.9	73113408	76.71	95.98	57.97	70900284	96.7450602913676	77.3499704553572	58.5310236866352
D15S215	STS	AFMA132YB1	497	0.57	73633363	76.85	95.98	58.24	71420404	96.8501129386083	77.3942322206498	58.5756261844423
D15S1026	STS	AFMC003ZD5	136	0.81	73666406	76.85	95.98	58.24	71453455	96.856441866088	77.3991298534316	58.5778571874104
D15S192	STS	UT944	520	0.76	73684787	76.85	95.98	58.24	71471839	96.8600289144205	77.4019981541554	58.5790251920897
D15S188	STS	UT744	66	0.68	74070641	76.85	95.98	58.24	71857685	97.1137330304115	77.5767572972124	58.6034689491083
rs896588	SNP	rs896588	153	0.27	74105493	76.85	95.98	58.24	71892546	97.1566836401684	77.601699176396	58.6059347500879
D15S169	STS	UTSW1591	393	0.74	74151866	76.85	95.98	58.24	71938918	97.203387548698	77.6334616081371	58.6090404825235
rs4445847	SNP	rs4445847	320	0.5	74172013	76.85	95.98	58.24	71959066	97.2203951834806	77.6469190755902	58.610318385075
rs12438872	SNP	rs12438872	234	0.4	74177764	76.85	95.98	58.24	71964817	97.225465201963	77.6507435059453	58.6106889030493
rs2028386	SNP	rs2028386	435	0.52	74226708	77.38	97.01	58.24	72013761	97.2787105659718	77.68249222669	58.6141114875335
rs893818	SNP	TSC0166013	373	0.46	74229195	77.38	97.01	58.24	72016248	97.2811273089035	77.6840814948545	58.6142901479399
D15S818	STS	GATA85D02	561	0.75	74230567	77.38	97.01	58.24	72017485	97.2822774873198	77.6849430419795	58.6143917187018
rs16869	SNP	WIAF-2834	66	0.41	74322431	77.38	97.01	58.24	72109484	97.3567158885015	77.7404147768589	58.6213138586461
rs743580	SNP	TSC0116241	352	0.46	74328116	77.38	97.01	58.24	72115169	97.3611434069063	77.7436935309108	58.6217506803512
rs723434	SNP	rs723434	108	0.28	74343330	77.38	97.01	58.24	72130383	97.3731881291721	77.7509040787363	58.623030837933
D15S160	STS	AFM248YH1	114	0.75	74432167	77.7	97.64	58.24	72219179	97.4418894984351	77.7936958063815	58.6311545178471
D15S965	STS	AFMA139ZB1	118	0.48	74503422	77.71	97.66	58.24	72290381	97.4972316694707	77.8309544253784	58.6376952842024
D15S1001	STS	AFMB065XD1	431	0.38	74575966	77.71	97.66	58.24	72362998	97.5530126631747	77.8699602509196	58.6465172713269
D15S991	STS	AFMA339XD5	464	0.55	74600582	77.71	97.66	58.24	72387634	97.5736205877843	77.8833833030752	58.6495423358511
rs872263	SNP	rs872263	158	0.28	75136444	78.51	98.53	58.24	72923497	98.1118149551863	78.2209971041022	58.7163541164764
rs2047415	SNP	rs2047415	178	0.35	76380540	78.51	98.57	58.24	74167595	98.9641574757894	78.8107083524438	59.027724019094
rs744336	SNP	rs744336	248	0.49	76674624	78.51	98.57	58.24	74461679	99.222531078803	78.9406342141	59.1155007325235
D15S114	STS	AFM019TC9	647	0.62	76865195	78.51	98.57	59.06	74652215	99.3913487780966	79.027721105065	59.1499593064778
rs1867197	SNP	rs1867197	184	0.48	76910031	78.51	98.62	59.06	74697086	99.4344665005429	79.0518503678794	59.1554080718125
rs920712	SNP	rs920712	216	0.48	77033934	78.51	98.67	59.06	74820989	99.5540098489949	79.1060213043633	59.1675682428792
rs1823100	SNP	rs1823100	104	0.33	77402744	79.13	99.79	59.06	75189799	99.9569941590634	79.2681914612598	59.1975339686253
D15S984	STS	AFMA274YB1	168	0.94	77896915	79.13	100.46	59.06	75683921	100.709328919070	79.6280052339671	59.2365009013777
rs3144	SNP	WIAF-1490	145	0.44	77906204	79.25	100.46	59.06	75693259	100.724766377148	79.6362302171872	59.2373164029959
D15S973	STS	AFMA210YA9	546	0.62	78331897	79.46	100.46	59.06	76118914	101.542461178408	80.079033474083	59.2839052646164
rs1519819	SNP	rs1519819	255	0.44	78541769	80.35	102.22	59.06	76328824	101.968937918161	80.331340749192	59.3266244572737
rs965604	SNP	rs965604	257	0.45	78789223	80.35	102.22	59.06	76576278	102.516167663555	80.6636804619081	59.4018311971815
rs952215	SNP	rs952215	201	0.45	78819153	80.35	102.22	59.06	76606208	102.585151859327	80.7048294306673	59.4126444378932
rs952216	SNP	rs952216	179	0.39	78819202	80.35	102.22	59.06	76606257	102.585264797034	80.7048967978397	59.4126621408266
rs1878399	SNP	rs1878399	227	0.43	78912003	80.35	102.22	59.06	76699058	102.808466887852	80.8496714443631	59.45010365578
rs1964562	SNP	rs1964562	216	0.44	79046491	80.35	102.22	59.06	76833546	103.134023913815	81.06755090648	59.5188847599376
rs1994017	SNP	rs1994017	188	0.37	79080306	80.35	102.22	59.06	76867361	103.225868442553	81.129329840596	59.5397586281128
rs1383636	SNP	rs1383636	155	0.36	79106220	80.35	102.22	59.06	76893275	103.298706348661	81.170114825149	59.5596846143806
D15S1027	STS	AFMC012WD9	392	0.68	79118100	80.35	102.22	59.06	76905098	103.332564968387	81.1875640596618	59.5695672446076
D15S1023	STS	AFMB347WA9	521	0.87	79141684	80.35	102.22	59.06	76928668	103.402023959211	81.2248211786557	59.5894838214862
rs1402760	SNP	rs1402760	196	0.35	79439159	81.87	104.54	59.06	77226214	104.396626348386	81.842504089386	59.8606068426095
rs1077965	SNP	rs1077965	163	0.48	80065337	82.79	105.95	60.3	77852392	106.189442927462	82.985077932281	60.4773044157916
rs1081231	SNP	rs1081231	136	0.27	80097091	82.79	105.95	60.3	77884146	106.257037748364	83.0292700301603	60.5072851398121
rs1081233	SNP	rs1081233	65	0.18	80097388	82.79	105.95	60.3	77884443	106.257669973023	83.0296833655848	60.5075655540917
rs724721	SNP	rs724721	213	0.55	80099577	82.79	105.95	60.3	77886632	106.262329702913	83.0327298007507	60.5096323111894
D15S989	STS	AFMA312YG5	71	0.61	80105915	82.79	105.95	60.3	77892922	106.275821419701	83.041550406544	60.515616370799
rs685487	SNP	rs685487	193	0.52	80136129	82.79	105.95	60.3	77923184	106.319011299333	83.0712739101497	60.5424416957258
rs1113983	SNP	rs1113983	117	0.47	80166597	82.79	105.95	60.3	77953652	106.356709776302	83.0991924466868	60.5689372113807
rs17885346	SNP	rs17885346	194	0.43	80205837	82.79	105.95	60.3	77992892	106.393789551840	83.1388319042549	60.6014977569646
rs12916561	SNP	rs12916561	189	0.33	80231276	82.79	105.95	60.3	78018331	106.422767497721	83.1673374198062	60.6237692710278
rs11631810	SNP	rs11631810	241	0.38	80271916	82.79	105.95	60.3	78058971	106.475943815900	83.2139392728077	60.6602410690219
rs1829758	SNP	rs1829758	132	0.36	80320951	82.79	105.95	60.3	78108006	106.555348501482	83.2641718886104	60.7047303882728
D15S1005	STS	AFMB080ZH9	152	0.91	80324896	82.79	105.98	60.3	78111738	106.559004443158	83.2671664599856	60.7082233321942
D15S969	STS	AFM158YE1	112	0.68	80383345	82.79	105.98	60.3	78170320	106.606522957192	83.3105368992919	60.759523166387
rs895455	SNP	rs895455	105	0.3	80581274	82.79	106.03	60.3	78368329	106.673460486221	83.4155908414146	60.9200892993111
rs2034247	SNP	rs2034247	202	0.49	80612431	82.79	106.47	60.3	78399486	106.683116749656	83.4272394821858	60.9399682347953
rs1912	SNP	WIAF-3876	71	0.24	80723361	82.79	106.47	60.3	78510416	106.733411656114	83.4853421131313	61.0240716954303
D15S1510	STS	D15S1510	68	0.59	80820643	82.79	106.47	60.3	78607698	106.965313306712	83.6205665815157	61.1017404397044
rs1872234	SNP	TSC0874248	131	0.15	81090083	82.79	106.47	60.3	78877138	107.757308366911	84.0096260777455	61.324286197425
rs1553650	SNP	TSC0438557	328	0.54	81112449	83.78	106.65	61.3	78899504	107.813100017276	84.044248183246	61.3408360996569
rs906433	SNP	TSC0185724	187	0.34	81124801	83.78	106.65	61.3	78911856	107.843911895364	84.063368823823	61.3499760617586
D15S1037	STS	AFM346TB5	104	0.67	81131466	83.78	106.65	61.3	78918518	107.860537637547	84.0736861059996	61.3549078823065
D15S1047	STS	AFMA081TE1	792	0.75	81141198	83.78	106.65	61.3	78928133	107.884756881353	84.0881198071035	61.3639587927647
rs991789	SNP	TSC0313154	146	0.19	81183614	83.78	106.65	61.3	78970669	107.990218502451	84.1499699307482	61.4065058760435
D15S211	STS	AFM323YD9	928	0.94	81192910	83.78	106.65	61.3	78979927	108.013420116948	84.1656007853411	61.4166002169186
rs1507662	SNP	TSC0758582	147	0.16	81209196	83.8	107.84	61.3	78996251	108.054102798303	84.193805452735	61.4345890544991
rs1879454	SNP	rs1879454	64	0.25	81377717	83.8	107.84	61.34	79164772	108.495728509980	84.4944947702446	61.6340927278047
rs859	SNP	WIAF-4547	127	0.53	81601322	84.91	110.08	61.4	79388377	109.142763229797	84.9295233538927	61.9461340988527
rs3726	SNP	WIAF-2489	38	0.53	81604871	84.91	110.08	61.53	79391926	109.155304264360	84.937414532078	61.9517471434949
rs12439766	SNP	rs12439766	348	0.48	81623151	84.91	110.08	61.53	79410206	109.219899956614	84.97805999199	61.9806585146018
D15S1041	STS	AFMA031XF5	143	0.74	81665160	84.91	110.08	61.53	79452116	109.377497206196	85.0802900163094	62.0456294740768
rs718276	SNP	rs718276	118	0.37	81936035	85.19	110.08	61.91	79723090	110.321188636656	85.7683631586041	62.4924721814156
rs1567897	SNP	rs1567897	279	0.49	82021629	85.19	110.08	61.91	79808684	110.539319440655	85.95104385695	62.627781994551
rs1389378	SNP	rs1389378	277	0.47	82197757	85.19	110.08	61.91	79984812	110.912965212188	86.3016410301658	62.9065847590803
D15S206	STS	AFM299YF9	143	0.71	82204287	85.19	110.08	61.91	79991297	110.924769802573	86.3138924579145	62.9170173499783
rs1112988	SNP	rs1112988	143	0.39	82318653	86.26	110.08	63.06	80105708	111.124941549292	86.5239713353801	63.0948036884588
rs1112989	SNP	rs1112989	153	0.43	82318699	86.26	110.08	63.06	80105754	111.124999623832	86.5240451107157	63.0948765510349
D15S115	STS	AFM029YG1	113	0.64	82408830	87.43	110.1	64.2	80195730	111.212446420819	86.67637553204	63.2406206785112
rs1267657	SNP	rs1267657	270	0.53	83215251	87.43	111.31	64.2	81012306	111.6087560649	87.6666267556877	64.4008232517765
MFD288	STS	MFD288	142	0.9	83283549	87.43	111.31	64.2	81080603	111.659046887899	87.7103413523133	64.4414805090735
D15S811	STS	ATA34E12	75	0.39	83458029	87.43	111.31	64.2	81255078	111.770903051880	87.7967719295273	64.510681546569
D15S812	STS	ATA35G06	62	0.43	83458030	87.43	111.31	64.2	81255045	111.770903552405	87.7967723466802	64.5106818533125
rs2046071	SNP	rs2046071	296	0.47	83507051	87.43	111.31	64.2	81304105	111.79612013335	87.8168239186034	64.5244316927527
rs899747	SNP	rs899747	136	0.28	83516483	87.43	111.31	64.2	81313537	111.801167122871	87.8205679299063	64.5267081282709
rs1256444	SNP	rs1256444	287	0.51	83540253	87.43	111.31	64.2	81337307	111.814099332993	87.8300694005715	64.5323418609781
rs1588546	SNP	rs1588546	77	0.12	83547269	87.43	111.31	64.2	81344323	111.818718846617	87.8331225134373	64.5336160243585
rs1010820	SNP	rs1010820	173	0.33	83614954	87.43	111.31	64.2	81405958	111.860404735712	87.8606344112404	64.5456238850637
rs1037403	SNP	rs1037403	283	0.55	83664191	87.43	111.31	64.2	81455195	111.886055815988	87.875627450998	64.552270268585
D15S200	STS	AFM265VB1	570	0.68	83719127	87.43	111.31	64.2	81510114	111.91302335063	87.8870218477393	64.5580083834554
rs1989	SNP	WIAF-1509	43	0.15	83781631	87.43	111.33	64.2	81572635	111.941186917428	87.8953510243856	64.5641259205176
D15S173	STS	D15S173	70	0.41	83786961	87.43	111.55	64.2	81577965	111.943468162545	87.8959422582843	64.5645961399971
rs1112404	SNP	rs1112404	118	0.3	83842480	87.43	111.55	64.2	81633484	111.963557314905	87.9018002618934	64.5698166123737
rs1880532	SNP	rs1880532	156	0.31	83962307	87.43	111.55	64.2	81753311	111.984515149124	87.9125907025088	64.5787420066915
D15S660	STS	D15S660	57	0.69	84158548	87.53	111.55	64.2	81949552	112.008494341753	87.9278784059954	64.5924808519736
GATA124G08	STS	GATA124G08	70	0.68	84158567	87.54	111.55	64.2	81949571	112.008496476611	87.9278799362928	64.5924819013111
D15S205	STS	AFM291ZH5	448	0.9	84230721	87.54	111.55	64.2	82021671	112.016891265975	87.9337732608407	64.5967495700216
rs10162825	SNP	rs10162825	248	0.37	84402197	87.54	111.55	64.2	82193201	112.037132501545	87.9472361150536	64.6076367903051
rs1426165	SNP	rs1426165	260	0.4	84452052	87.54	111.55	64.2	82243056	112.043535099518	87.951225653153	64.6111302055937
rs899926	SNP	rs899926	248	0.47	84573491	87.54	111.55	64.2	82364495	112.059165042279	87.9616913084993	64.6199933215042
D15S154	STS	AFM211XH2	943	0.83	84687639	87.54	111.55	64.2	82478611	112.075862367519	87.9734007949231	64.6292816898928
rs2063036	SNP	rs2063036	237	0.48	84811774	87.54	111.55	64.2	82602778	112.095508344216	87.9916087372467	64.6393469284304
rs1719	SNP	WIAF-3683	16	0.07	85348172	87.54	111.55	64.41	83149176	112.280053199281	88.1004534259023	64.6862743752587
D15S653	STS	D15S653	145	0.89	85381589	87.54	111.55	64.42	83182593	112.295053327799	88.1075965415895	64.6892342395077
D15S539	STS	UT7572	56	0.66	85420657	87.74	111.66	64.42	83221660	112.316512837656	88.1171963610556	64.6926435092795
rs930716	SNP	rs930716	254	0.49	85532241	87.99	112.27	64.42	83333245	112.3795589005	88.1537224406115	64.7032655213827
rs2010069	SNP	TSC0209476	253	0.53	85828552	87.99	112.27	64.42	83629556	112.588191769641	88.2951061372488	64.7518084173714
D15S152	STS	AFM200ZG11	1032	0.81	85883052	87.99	112.27	64.42	83683901	112.631668001645	88.325810093327	64.7674975631494
D15S189	STS	UT941	66	0.66	85905542	87.99	112.27	64.42	83706545	112.651547560256	88.3393335711384	64.7745915415998
D15S972	STS	AFMA204ZG5	143	0.86	85911645	87.99	112.27	64.42	83712592	112.657258108179	88.3431474360145	64.7765807294751
rs1968867	SNP	TSC0403947	156	0.26	86001106	87.99	112.27	64.42	83802110	112.740257600744	88.4042722091451	64.8079891851469
rs1872074	SNP	TSC0873952	327	0.47	86033184	87.99	112.27	64.42	83834188	112.774404222702	88.426165580178	64.8199653961712
rs2170736	SNP	rs2170736	296	0.52	86043398	87.99	112.27	64.42	83844402	112.785276895458	88.4331366784924	64.8237787579582
rs716401	SNP	TSC0005771	235	0.44	86088430	87.99	112.27	64.42	83889434	112.829937910824	88.4688592461548	64.8418392343814
rs11631660	SNP	rs11631660	233	0.46	86215412	87.99	112.27	64.42	84016416	112.970276445738	88.5693974816714	64.8951920481743
rs727379	SNP	rs727379	218	0.42	86229890	87.99	112.27	64.42	84030894	112.98677714936	88.5812801858208	64.9018728890979
rs49364	SNP	rs49364	280	0.43	86229931	87.99	112.27	64.42	84030935	112.986823877420	88.581313836247	64.9018918084568
D15S999	STS	AFMB046YH1	778	0.73	86245405	87.99	112.27	64.42	84046365	113.00445973098	88.5940139995297	64.9090322513668
rs17074	SNP	rs17074	93	0.41	86292467	87.99	112.27	64.44	84093471	113.059822382064	88.6396375765702	64.929775152396
rs16815	SNP	rs16815	23	0.1	86369345	88.36	112.56	64.68	84170349	113.156050679943	88.7069853282111	64.9688917037594
rs17155	SNP	WIAF-3111	74	0.38	86369452	88.44	112.85	64.68	84170456	113.156179864455	88.707091864097	64.9689533398778
rs16816	SNP	WIAF-3114	57	0.26	86369575	88.44	112.85	64.68	84170579	113.156328366278	88.7072143305825	64.969024192612
D15S201	STS	AFM281YH1	719	0.68	86558539	88.48	112.92	64.7	84359379	113.414752392508	88.9046578512435	65.0851961996993
rs720996	SNP	rs720996	124	0.53	86761833	88.86	113.33	65.07	84562837	113.710647623170	89.1514200373643	65.2762888695301
rs17143	SNP	rs17143	34	0.18	86795717	88.86	113.33	65.07	84596721	113.771561260426	89.1974561162113	65.3131965405411
rs1845933	SNP	rs1845933	137	0.31	86895419	88.86	113.33	65.07	84696423	113.948216847463	89.3469039602897	65.422828467049
rs715922	SNP	rs715922	193	0.53	87005270	88.86	113.33	65.07	84806274	114.152012734883	89.5251542673889	65.5722576831055
D15S1030	STS	AFM309ZF1	628	0.72	87555260	90.23	115.11	65.93	85356200	115.381424507931	90.7049422827132	66.7039710327317
D15S151	STS	AFM182YB4	401	0.51	87597287	90.23	115.11	65.93	85398151	115.499861886086	90.8139408643515	66.8061007482177
rs1433451	SNP	rs1433451	327	0.52	87607019	90.23	115.11	65.93	85408023	115.525474662365	90.8382598167125	66.8260373604581
rs1875084	SNP	rs1875084	278	0.46	87810042	90.8	115.11	67.19	85611046	115.953221271670	91.2836594900339	67.285574766147
D15S199	STS	AFM107XG7	456	0.43	87931682	90.8	115.11	67.19	85732673	116.145922162389	91.5061362363454	67.5506600815281
D15S655	STS	ATA28G05	860	0.75	87976065	90.8	115.11	67.19	85777069	116.229977920149	91.591678712233	67.6413934840481
rs1442300	SNP	rs1442300	198	0.52	88026435	90.8	115.11	67.19	85827439	116.315356610455	91.6866011075247	67.7440535488822
rs4261500	SNP	rs4261500	239	0.41	88116400	91.58	116.13	67.88	85917404	116.478263417314	91.8561963572836	67.9129842913366
rs11636299	SNP	rs11636299	245	0.46	88127259	91.58	116.13	67.88	85928263	116.498873944144	91.8771223790151	67.9340253189528
rs11637030	SNP	rs11637030	279	0.5	88130237	91.58	116.13	67.88	85931241	116.504526227863	91.8828611848643	67.9397956643107
D15S111	STS	UTSW1513	404	0.77	88158408	92.08	116.78	67.88	85959411	116.559030061043	91.937206682865	67.9946430937308
D15S1046	STS	AFMA055ZH5	151	0.85	88158419	92.08	116.78	67.88	85959354	116.559051659906	91.9372279210581	67.9946645901966
rs16814	SNP	WIAF-3392	93	0.37	88300703	92.08	116.78	67.88	86101707	116.844657591843	92.2146355969013	68.2672987731666
rs1080382	SNP	rs1080382	183	0.43	88319960	92.08	116.78	67.88	86120964	116.8817184402	92.2528030251266	68.3032720445849
D15S99	STS	MS149	312	0.55	88435263	92.08	116.78	67.88	86236266	117.115411821685	92.4780721321999	68.5283434375776
D15S171	STS	UTSW1590	293	0.66	88582330	92.08	116.78	68.46	86383333	117.404323669275	92.7545662300285	68.8004400881995
rs965313	SNP	rs965313	49	0.11	88618037	92.08	116.78	68.46	86419041	117.484245542809	92.8202927259385	68.8520545598564
D15S979	STS	AFMA232YF9	975	0.85	88832472	92.44	116.78	68.46	86633363	117.994741949204	93.2081996366282	69.1045667635864
rs1372600	SNP	rs1372600	144	0.28	88864907	92.5	116.78	68.77	86665911	118.069317378787	93.260976454139	69.1343976909432
D15S112	STS	UTSW1547	427	0.68	89000684	92.5	116.78	68.77	86801687	118.398737915504	93.4980330814206	69.2586320064828
rs1735	SNP	WIAF-3699	86	0.44	89082190	92.94	117.82	68.77	86883194	118.663828043426	93.667318438334	69.336524685529
rs938608	SNP	rs938608	304	0.46	89398605	94.09	119.42	69.33	87199609	119.669955537566	94.2666597835263	69.5808543049858
rs698621	SNP	rs698621	232	0.48	89402596	94.09	119.42	69.33	87203600	119.682585036101	94.2727171311349	69.5831984144009
rs953066	SNP	rs953066	180	0.51	89402896	94.09	119.42	69.33	87203900	119.683534384525	94.273172456688	69.5833746190675
rs953065	SNP	rs953065	210	0.48	89402925	94.09	119.42	69.33	87203929	119.683626154873	94.2732164714915	69.5833916521853
rs8042988	SNP	rs8042988	317	0.42	89412279	94.09	119.75	69.33	87213283	119.713226838736	94.2874135222383	69.588885713691
D15S1045	STS	AFMA054WH9	753	0.7	89595631	94.09	119.75	69.33	87396556	120.246001510747	94.5845416796248	69.6370469261669
rs2238303	SNP	rs2238303	235	0.46	89844235	94.65	120.65	69.33	87645239	120.833207028999	94.9117288263942	69.6662440486786
rs150305	SNP	rs150305	207	0.34	89951742	94.73	120.76	69.33	87752746	121.072876948434	95.0526358001572	69.6782053936717
D15S202	STS	AFM282WG5	562	0.77	90001608	94.73	120.76	69.33	87802586	121.174114574710	95.1163070904863	69.6840659831392
D15S116	STS	AFM078ZF7	525	0.88	90013641	94.73	120.76	69.33	87814580	121.195377125105	95.1314686765555	69.6856452564717
rs1371386	SNP	rs1371386	211	0.52	90023052	94.73	120.76	69.33	87824056	121.212006549336	95.1433265413021	69.6868804049244
rs968135	SNP	rs968135	62	0.21	90069253	94.73	120.76	69.33	87870257	121.311946226124	95.200236944132	69.6931188391278
rs968136	SNP	rs968136	238	0.51	90069508	94.73	120.76	69.33	87870512	121.312534691360	95.2005484290014	69.6931536233216
rs968137	SNP	rs968137	174	0.55	90069622	94.73	120.76	69.33	87870626	121.312797769936	95.2006876810606	69.6931691739023
rs1439119	SNP	TSC0656975	413	0.54	90338246	94.73	120.76	69.33	88139250	121.771307789841	95.5243988318257	69.7912319942684
rs25653	SNP	rs25653	247	0.48	90349558	94.73	120.76	69.33	88150562	121.790160596087	95.5370430881717	69.7972586443766
rs2028299	SNP	TSC1091410	244	0.46	90374257	94.73	120.76	69.33	88175261	121.831241950023	95.562846178351	69.8106696047622
D15S526	STS	UT644	77	0.56	90387342	94.73	120.76	69.33	88188345	121.853005969467	95.5765161016272	69.8177744436887
rs893613	SNP	TSC0165692	292	0.49	90395977	95.01	121.16	69.33	88196981	121.867448746397	95.5857810247734	69.8225332135739
rs2043880	SNP	TSC1061647	379	0.46	90432526	95.01	121.16	69.33	88233530	121.92942557064	95.6275628625253	69.8434138322162
D15S183	STS	UT479	316	0.33	90527305	95.42	121.82	69.33	88328206	122.076034091274	95.7260676033302	69.8935149098479
rs10520685	SNP	rs10520685	304	0.46	90634347	95.56	121.82	69.36	88435351	122.207328373181	95.8356102706321	69.955472507621
D15S532	STS	UT2017	22	0.45	90659777	95.86	122.26	69.42	88460643	122.242012469944	95.8635849986763	69.9718121050972
D15S522	STS	UT478	80	0.65	90799708	96.09	122.51	69.48	88600711	122.468233016408	96.0349076436505	70.0818453359837
D15S996	STS	AFMB027WD5	147	0.67	90987429	96.12	122.51	70.38	88788370	122.795197427247	96.2891794578352	70.2889251983424
rs3539	SNP	rs3539	135	0.54	91045419	96.12	122.51	70.38	88846423	122.910196116735	96.3769015694007	70.3570524917313
rs2238337	SNP	rs2238337	230	0.49	91355732	96.12	122.51	70.38	89156736	123.577607847801	96.8410791021509	70.741788070839
D15S127	STS	AFM224XE11	691	0.91	91397742	96.12	122.51	70.57	89198603	123.673421172375	96.9112255811466	70.8058142609542
rs1266490	SNP	rs1266490	269	0.5	91457220	96.12	122.51	70.57	89258224	123.808204656839	97.0180112261122	70.9104590709828
rs719985	SNP	rs719985	184	0.38	91704651	96.12	122.51	70.57	89505655	124.383322233159	97.4782235579348	71.3829887225001
D15S158	STS	AFM234VF12	691	0.72	91741664	97.14	124.03	70.9	89542657	124.477656190566	97.5620150483924	71.4720456375483
D15S963	STS	AFMA113WH5	111	0.71	91792163	97.14	124.7	70.9	89593163	124.623530519632	97.69649371044	71.6132102041803
rs1075840	SNP	rs1075840	225	0.39	91801907	98.18	125.36	71.51	89602911	124.653668612928	97.7255825517211	71.6428722868009
rs1858998	SNP	rs1858998	199	0.45	91887072	98.18	125.36	71.51	89688076	124.916936847482	97.9787786309303	71.9009051480898
rs975721	SNP	rs975721	257	0.49	92512974	98.67	125.63	72.35	90313978	126.851189310887	99.9766568278181	73.970408243108
D15S652	STS	ATA24A08	945	0.82	92517367	98.67	125.63	72.35	90318338	126.866283864969	99.9915460448423	73.9856577217676
rs4932592	SNP	rs4932592	264	0.4	92518711	98.67	125.63	72.35	90319715	126.870901912018	99.996101270811	73.9903231666387
rs950490	SNP	rs950490	108	0.24	92526843	98.67	125.63	73.37	90327847	126.898843845503	100.023663099365	74.0185518851591
rs1400784	SNP	rs1400784	178	0.48	92556091	100.14	126.59	74.82	90357095	127.001746064377	100.124104434629	74.1221489043946
rs1165	SNP	WIAF-2077	133	0.56	92714296	101.18	128.34	74.82	90515300	127.560530979077	100.675202018579	74.6674155635847
D15S647	STS	ATA13C08	30	0.48	92805101	101.26	128.34	74.84	90606024	127.910342588275	100.996798733195	74.9783204917879
rs4777977	SNP	rs4777977	311	0.52	92957793	101.59	128.34	75.61	90758797	128.514921819157	101.553501863230	75.4819791878957
rs11635453	SNP	rs11635453	270	0.52	92968587	101.59	128.34	75.61	90769591	128.565735924989	101.595738248379	75.5172332850331
rs3902203	SNP	rs3902203	331	0.53	92976599	101.59	128.34	75.61	90777603	128.603453417664	101.627088805894	75.543401139977
rs374653	SNP	rs374653	187	0.36	93210730	101.59	128.41	75.61	91011734	129.844877851324	102.593297019341	76.2325480593163
rs1406714	SNP	rs1406714	227	0.48	93461371	102.57	129.79	76.2	91262375	131.266006626520	103.592744073322	76.7989464119222
rs12443243	SNP	rs12443243	292	0.52	93465927	102.57	129.79	76.2	91266931	131.292197954269	103.608490900421	76.8042421674113
rs6497009	SNP	rs6497009	318	0.5	93479441	102.57	129.79	76.2	91280445	131.369416464563	103.654382719721	76.8187229421611
rs7176652	SNP	rs7176652	342	0.53	93494978	102.57	129.79	76.2	91295982	131.458194324148	103.707144388839	76.8353714398144
rs10520717	SNP	rs10520717	220	0.36	93516911	102.57	130.07	76.2	91317915	131.583238480856	103.781571535960	76.8593320607054
rs723033	SNP	rs723033	227	0.44	93759213	103.66	131.89	77.08	91560217	132.9390411825	104.626600341387	77.1873938149565
rs999868	SNP	rs999868	301	0.53	93818793	104.63	132.52	77.31	91619797	133.277921965492	104.838762552769	77.2727307191628
rs1384737	SNP	rs1384737	74	0.49	93869600	104.68	132.52	77.31	91670604	133.577735576226	105.018602832595	77.3377373366124
rs1384739	SNP	rs1384739	165	0.49	93869675	104.68	132.52	77.31	91670679	133.578178884075	105.018868264549	77.3378328618467
rs1005021	SNP	rs1005021	174	0.49	93920587	105.61	135.49	77.31	91721591	133.893509925971	105.201759400583	77.4005191200261
rs959167	SNP	rs959167	107	0.19	93978414	106.28	135.75	77.31	91779418	134.251564486654	105.410367674083	77.4555834692689
D15S649	STS	ATA22D04	73	0.66	94255851	106.28	135.75	77.31	92056855	136.067507050479	106.579631658575	77.982586022188
D15S1004	STS	AFMB077YD5	139	0.8	94331068	106.28	135.75	77.31	92132021	136.531540112526	106.890646357631	78.1494666424615
rs2066390	SNP	TSC1105131	161	0.35	94367902	106.28	136.28	77.31	92168906	136.763165119907	107.045340499200	78.219816016521
rs2066389	SNP	TSC1105130	173	0.28	94367966	106.28	136.28	77.31	92168970	136.763567745594	107.045609618955	78.2199375869284
rs1342525	SNP	TSC0841827	152	0.21	94399786	106.28	136.28	77.31	92200790	136.960041355248	107.1759611312	78.281881403187
D15S531	STS	UT5205	76	0.7	94521647	106.28	136.28	77.31	92322650	137.681034939129	107.644638524773	78.5231808511344
GATA128A02	STS	GATA128A02	429	0.59	94542785	106.28	136.28	77.31	92343788	137.804428562266	107.725215223552	78.5642733241333
rs7180590	SNP	rs7180590	250	0.52	94565232	107.24	136.86	78.34	92366236	137.930097163984	107.809315335941	78.6083529421267
rs922564	SNP	rs922564	152	0.24	94627032	107.24	136.86	78.47	92428036	138.279988779323	108.037373788330	78.7214521091813
rs724408	SNP	rs724408	180	0.42	94667872	107.24	136.86	78.47	92468876	138.497439884126	108.183218101198	78.797956378785
D15S130	STS	AFM072YB11	1122	0.74	94711231	107.24	136.86	78.47	92512173	138.726667646744	108.336449926751	78.8813606415812
D15S1038	STS	AFM357TD9	633	0.69	94973541	109.5	140.26	79.67	92774524	140.030725715738	109.227985839179	79.4465188227378
rs293579	SNP	TSC0509866	97	0.18	94992352	109.5	140.26	79.67	92793356	140.118962867137	109.294084109442	79.494513634414
D15S816	STS	GATA73F01	779	0.67	95019784	109.5	140.26	79.67	92820788	140.259856134021	109.394867952102	79.563236795554
rs1895641	SNP	rs1895641	160	0.4	95058603	109.5	140.26	79.88	92859607	140.464075635676	109.537256138638	79.6563833418737
rs918921	SNP	rs918921	275	0.46	95140774	109.5	140.26	79.88	92941778	140.878002740311	109.825796574766	79.8343977472442
D15S1514	STS	D15S1514	809	0.75	95554019	110.01	141.06	79.88	93355013	142.875204711832	111.243659644989	80.744373382992
rs291030	SNP	rs291030	197	0.34	95637149	110.88	143.33	79.88	93438153	143.224442431736	111.526063249707	80.9142533306583
rs12595826	SNP	rs12595826	261	0.44	95708333	110.88	143.33	79.88	93509337	143.476254941051	111.737408547347	81.0223824124503
rs1373631	SNP	rs1373631	319	0.47	95782187	111.44	143.33	80.43	93583191	143.805956146697	111.963328030367	81.1418022891326
rs725250	SNP	rs725250	58	0.13	95795765	111.44	143.33	80.43	93596769	143.862128776488	112.006611872153	81.1645536919921
D15S157	STS	AFM217ZG1	471	0.42	95835617	111.44	143.33	81.03	93636614	144.042434572007	112.135919082074	81.2367213117653
rs1559571	SNP	rs1559571	264	0.48	95972763	112.24	143.33	81.79	93773767	144.663182671323	112.590814588251	81.5341025363214
D15S207	STS	AFM309VG9	937	0.78	96210778	113.22	145.21	82.28	94011772	145.640762623604	113.363064697834	82.0820853791913
rs725213	SNP	rs725213	175	0.5	96430634	113.22	145.21	82.58	94231638	146.565002447437	114.216852782935	82.7967837127842
rs958856	SNP	rs958856	142	0.37	96518984	113.49	145.29	82.58	94319988	146.948430041607	114.588383634713	83.1184746099297
rs1036519	SNP	TSC0341337	352	0.47	96645410	114.51	147.53	82.58	94446414	147.500998838411	115.107756511293	83.5726842825588
rs1437591	SNP	TSC0654303	405	0.54	96656326	114.51	147.53	82.58	94457330	147.547164951118	115.149295713807	83.60873513338
rs1007328	SNP	TSC0084886	228	0.47	96703373	114.51	147.53	82.58	94504377	147.742310129891	115.325368946370	83.7606011411216
D15S657	STS	GATA22F01	950	0.78	96704848	114.51	147.53	82.58	94505790	147.748227889252	115.330734301444	83.7651786108446
rs725064	SNP	rs725064	182	0.41	96764784	114.51	147.53	82.58	94565788	147.982958752049	115.540471699040	83.9489329552631
rs12442120	SNP	rs12442120	180	0.3	97233399	117.36	149.02	86.31	95034403	149.626561074174	117.112083196657	85.465893997419
rs12898262	SNP	rs12898262	163	0.3	97237853	117.36	149.02	86.31	95038857	149.637728974940	117.121793292316	85.4771876516898
D15S230	STS	D15S230	121	0.77	97330687	117.78	149.57	86.31	95131691	149.822137234529	117.342249892395	85.7456058918706
rs1399066	SNP	rs1399066	147	0.34	97562758	117.78	150.09	86.31	95363762	150.243714746881	117.945063249759	86.4839153872537
rs1558389	SNP	rs1558389	274	0.53	97593989	117.78	150.09	86.31	95394993	150.310902448394	118.044820384044	86.6059913693075
rs1037659	SNP	TSC0342886	297	0.45	97806181	117.78	150.44	86.31	95607185	150.829068622535	118.732139434947	87.473140674378
rs1011715	SNP	rs1011715	64	0.12	97859478	117.78	150.44	86.31	95660482	150.957421769641	118.904257961140	87.6950575082349
D15S1034	STS	AFM338YC5	964	0.73	97871746	117.78	150.44	86.31	95672713	150.989244301797	118.943238150625	87.7449470915035
D15S1014	STS	AFMB306XD9	121	0.68	98002590	117.78	150.72	86.31	95803470	151.314599109693	119.340304771581	88.2470243436981
D15S533	STS	UT6124	86	0.69	98082884	119.34	150.81	88.41	95883859	151.512369484525	119.607561211356	88.5921602942118
rs288394	SNP	TSC0929492	264	0.53	98132422	119.34	151.1	88.41	95933426	151.646292641061	119.831818109508	88.8788382306154
D15S212	STS	AFM331VB5	150	0.75	98135690	119.34	151.1	88.41	95936665	151.656330225872	119.849692442361	88.902619121695
rs288423	SNP	TSC0071873	316	0.47	98168641	119.34	151.1	88.41	95969645	151.757538444084	120.029918005967	89.1424000708879
rs288412	SNP	TSC0757491	153	0.33	98182993	119.34	151.1	88.41	95983997	151.811755609787	120.096981440894	89.2278830795879
rs289470	SNP	rs289470	260	0.47	98208510	119.34	151.1	88.41	96009514	151.909006527254	120.215250440105	89.3782658329159
D15S107	STS	MFD87	208	0.65	98292701	119.82	151.1	89.24	96093641	152.188132668237	120.554868466527	89.8081335404139
rs906310	SNP	rs906310	304	0.54	98304530	119.82	151.1	89.24	96105534	152.223724740362	120.598634701066	89.8655815604332
rs906307	SNP	rs906307	309	0.5	98308818	119.82	151.1	89.24	96109822	152.236626828896	120.614499914838	89.8864064069834
rs1588085	SNP	rs1588085	14	0.04	98316713	119.82	151.1	89.24	96117717	152.260381956923	120.643710703720	89.9247487958627
D15S1515	STS	D15S1515	107	0.73	98333654	119.82	151.1	89.24	96134658	152.308669824695	120.706854280398	90.0027442151556
rs1021393	SNP	rs1021393	252	0.49	98407997	121.24	153.15	90.33	96209001	152.507821378175	120.970855886989	90.3337606666364
rs1552673	SNP	rs1552673	166	0.27	98503023	121.51	153.15	91.18	96304027	152.75304747665	121.313257379782	90.7597588286887
D15S836	STS	D15S836	128	0.45	98610756	121.63	153.15	91.37	96428279	153.022304660838	121.686719544062	91.24009218875
D15S985	STS	AFMA283XH5	709	0.71	98716360	121.88	153.15	91.47	96533775	153.307963772690	122.131000835859	91.8081349160616
rs763888	SNP	rs763888	165	0.36	98725839	121.88	153.15	91.47	96543362	153.335045758506	122.171459880101	91.8613846063926
rs2010122	SNP	rs2010122	177	0.51	98726022	121.88	153.15	91.47	96543545	153.335568598827	122.172240975691	91.8624126360719
rs763889	SNP	rs763889	171	0.36	98726219	121.88	153.15	91.47	96543742	153.336131437862	122.173081827227	91.8635193128306
rs1372840	SNP	rs1372840	225	0.5	98805427	122.67	153.35	92.99	96622950	153.571758988094	122.533470506364	92.3188466392776
D15S966	STS	AFMA140YE5	921	0.8	98948781	122.67	153.35	92.99	96766281	153.990292227201	123.018633525833	92.9058279033056
rs4966044	SNP	rs4966044	301	0.43	99466198	123.17	154.23	92.99	97283721	154.752240867652	124.098593299466	94.3192419826605
rs7166558	SNP	rs7166558	341	0.5	99475484	123.17	154.23	92.99	97293007	154.756591802013	124.11088003857	94.3404828579387
rs2008806	SNP	TSC0018014	61	0.07	99564507	123.56	154.23	92.99	97382030	154.794044723771	124.236645396543	94.5416832077076
D15S120	STS	AFM164ZC9	470	0.59	99592162	123.56	154.23	93.83	97409502	154.801082707953	124.271963566293	94.616955044674
D15S203	STS	AFM286ZB5	610	0.52	99629028	124.19	154.23	94.95	97446388	154.811438959717	124.332101096796	94.7339743258714
rs260100	SNP	rs260100	208	0.46	99643319	124.19	154.23	94.95	97460842	154.815584855551	124.357173327294	94.7815847260026
rs896700	SNP	TSC0170487	394	0.51	99659518	124.19	154.45	94.95	97477041	154.820287752721	124.385578961216	94.8353967714668
rs2045112	SNP	rs2045112	239	0.45	100302972	125.27	154.45	97.04	98120495	154.995520869708	125.471744862924	96.9939073622893
rs1823874	SNP	rs1823874	180	0.49	100357435	125.27	154.45	97.04	98174958	155.012652933338	125.577268569566	97.1819582553576
rs727859	SNP	rs727859	153	0.36	100584162	125.27	154.45	97.04	98401685	155.118279268601	126.021721311245	98.0373432707493
rs1585932	SNP	rs1585932	130	0.33	100585637	125.27	154.45	97.04	98403160	155.119140548709	126.025385148883	98.0434368776827
rs1585933	SNP	rs1585933	153	0.36	100585715	125.27	154.45	97.04	98403238	155.119186094369	126.025578897585	98.0437591158798
rs16843	SNP	WIAF-2931	36	0.36	100595172	125.47	154.45	97.88	98412695	155.124708213679	126.049069685745	98.0828284316553
rs729478	SNP	rs729478	172	0.49	100689497	125.76	154.45	98.54	98507020	155.177709156562	126.277699505316	98.500170159365
rs2086452	SNP	rs2086452	228	0.48	100728663	125.76	154.45	98.54	98546186	155.198659168363	126.377750880443	98.6843827032098
rs1480952	SNP	rs1480952	228	0.36	100749121	126.64	154.51	99.27	98566644	155.210362115850	126.431558009367	98.7844312762016
rs4965613	SNP	rs4965613	247	0.48	100801698	126.64	155.05	99.27	98619221	155.240653677594	126.571664648707	99.041018147671
rs1969094	SNP	TSC0405508	170	0.2	101002449	126.64	155.05	99.27	98819972	155.359150034820	127.149649618533	100.108477759916
rs1962713	SNP	TSC0221466	449	0.49	101040556	126.64	155.05	99.27	98858079	155.385892584526	127.268412368064	100.324972221437
rs1910413	SNP	TSC0958121	369	0.5	101080092	126.64	155.05	99.27	98897615	155.410619376626	127.393887346138	100.554678176395
D15S87	STS	MFD49	467	0.83	101094051	126.64	155.05	99.27	98911513	155.419964860246	127.438671978844	100.636455561047
rs1826577	SNP	rs1826577	74	0.15	101130427	126.64	155.05	99.27	98947950	155.445247549487	127.556106682007	100.850580086225
rs11433	SNP	rs11433	257	0.46	101716583	129.13	155.42	104.09	99534106	155.876083422961	129.721940415224	104.840831371318
rs752028	SNP	rs752028	238	0.4	101869185	129.13	155.42	104.09	99686708	156.000588323999	130.371238508534	106.048719315098
rs2949	SNP	rs2949	280	0.49	101887767	129.13	155.42	104.09	99705290	156.015502520136	130.453277963010	106.197752596432
rs963172	SNP	rs963172	199	0.45	101903337	129.13	155.42	104.09	99720860	156.027999239212	130.522019449727	106.322628723349
rs1587108	SNP	rs1587108	66	0.25	102006825	131	155.42	107.56	99824348	156.1137159634	130.993617093249	107.191960127341
rs924014	SNP	rs924014	290	0.47	102017381	131	155.71	107.56	99834904	156.122605181478	131.042575926769	107.283207856172
rs895392	SNP	rs895392	265	0.53	102099025	131	155.71	107.56	99916548	156.196995309336	131.426750162143	107.995654416917
rs1446119	SNP	rs1446119	273	0.47	102119186	131	155.71	107.56	99936709	156.214989395060	131.524368543638	108.174987113013
rs12595154	SNP	rs12595154	249	0.49	102152588	131.6	155.71	108.52	99970111	156.242379947119	131.688173950964	108.474701845709
rs1192113	SNP	rs1192113	213	0.37	102212431	131.6	155.71	108.52	100029954	156.292842111983	131.987617751940	109.021264203702
D15S642	STS	GATA27A03	655	0.79	102334809	131.88	155.89	109.44	100152294	156.4124494261	132.52539912945	109.994198811144
rs952788	SNP	rs952788	159	0.45	102364127	131.88	155.89	109.44	100181650	156.454995657703	132.574260102838	110.034752725006
