Markers_name	Type	Alias	Informative_meioses	Heterozygosity	Build37_map_physical_position	Sex.averaged_map_position	Female_map_position	Male_map_position	Build36_map_physical_position	Female_map_position_smoothed	Sex.averaged_map_position_smoothed	Male_map_position_smoothed
D17S34	STS	D17S34	685	0.83	65007	0	0	0	65007	0	0	0
D17S643	STS	UT18	58	0.89	82591	0	0	5.93	82591	0.0355120320047344	0.0297659114106581	0.0245668508775432
rs17879541	SNP	rs17879541	265	0.41	148587	4.77	3.55	5.93	148587	0.194575022749313	0.25707989660688	0.256456823943179
rs759974	SNP	TSC0108500	396	0.49	400959	4.77	3.55	5.93	347709	0.846601890724959	1.61098565842365	1.81684514266017
D17S849	STS	AFM234WG3	350	0.7	432538	4.77	3.55	5.93	379286	0.91653798644235	1.76957429092440	2.01483259826554
rs741677	SNP	rs741677	227	0.43	463843	4.77	3.55	5.93	410593	0.98863963540728	1.92643620639202	2.21110547592755
D17S1308	STS	GTAT1A05	143	0.63	623167	4.77	3.55	5.93	569917	1.30930384579201	2.70691770807389	3.21578014332901
D17S926	STS	AFM207XA11	922	0.8	630299	4.77	3.55	5.93	576982	1.32151931404784	2.74033889109955	3.26117721095848
rs1045491	SNP	rs1045491	192	0.41	647988	4.77	3.55	5.93	594738	1.35181648426338	2.82323111018827	3.37377237771364
rs7813	SNP	rs7813	246	0.48	648186	4.77	3.55	5.93	594936	1.35215561251838	2.82415895570693	3.37503270011838
rs910925	SNP	TSC0192771	245	0.53	649547	4.77	3.55	5.93	596297	1.35448669107926	2.83053672212559	3.38369582533483
rs910924	SNP	rs910924	192	0.41	655920	4.77	3.55	5.93	602670	1.36540216769092	2.86040116399638	3.42426165707945
rs941658	SNP	TSC0362971	205	0.22	664166	4.77	3.55	5.93	610916	1.37887002003239	2.89844653202467	3.47647872532357
rs592294	SNP	rs592294	323	0.51	700998	4.77	3.55	5.93	647748	1.43787111086806	3.06733166229196	3.7092368438016
D17S695	STS	UT269	1124	0.86	746152	4.77	3.55	5.93	692883	1.50693042524607	3.27063499752059	3.99362036961349
D17S2008	STS	D17S2008	48	0.36	799725	5.45	3.55	7.28	746475	1.58474263254817	3.50674385922314	4.33492507463233
rs7218427	SNP	rs7218427	257	0.46	931002	5.45	3.55	7.28	877752	1.74523056349492	4.06056266673092	5.17526447014507
rs1807333	SNP	rs1807333	153	0.44	948571	5.45	3.55	7.28	895321	1.75967668018897	4.13140331011228	5.28633599979685
rs734894	SNP	rs734894	307	0.47	948954	5.95	3.55	8.33	895704	1.75999160207945	4.13294761920301	5.28875733259078
D17S1840	STS	AFMB055XE1	159	0.9	960440	5.95	3.55	8.33	907068	1.76943596979235	4.17926076337048	5.36137202833786
rs11655229	SNP	rs11655229	145	0.37	971097	5.95	3.55	8.33	917847	1.77819869195118	4.22223126462355	5.42874577137952
D17S596	STS	UT137	538	0.49	1009623	6.86	3.55	10.42	956254	1.79636426401445	4.37483214592038	5.67006274463142
D17S1529	STS	AFM022XB6	826	0.81	1049369	6.86	3.55	10.42	996109	1.80823734911697	4.53014331110227	5.92103307046358
rs1083	SNP	WIAF-1540	48	0.16	1325297	6.86	3.7	10.42	1272047	1.85589145509862	5.49821808466343	7.67579795661008
D17S2181	STS	D17S2181	624	0.69	1540534	8.38	3.7	13.39	1487283	1.88682371850947	6.15369178781373	9.09116362247787
rs1075485	SNP	TSC0017475	249	0.43	1619248	8.4	3.7	13.4	1565998	1.8993050029552	6.36635362086563	9.62897932732471
rs1310	SNP	WIAF-2225	53	0.25	1641715	8.4	3.7	13.4	1588465	1.90305114435145	6.42546334338197	9.7856946311209
rs736060	SNP	TSC0029550	283	0.43	1656215	8.4	3.7	13.4	1602965	1.90555274550643	6.46327302308582	9.88677615036571
rs11062	SNP	rs11062	229	0.47	1683012	8.45	3.7	13.56	1629762	1.91017602990772	6.53315286604358	10.0735855018130
D17S1528	STS	AFMA345ZG1	145	0.86	2024793	9.77	3.7	16.11	1971526	1.96820017007407	7.43809732564149	12.0851646211997
rs216219	SNP	rs216219	262	0.47	2147291	9.77	3.7	16.11	2094041	1.98655894404256	7.72380137579854	12.6239740437085
rs216223	SNP	rs216223	262	0.47	2155948	9.77	3.7	16.11	2102698	1.98776220978619	7.74232493780824	12.6585809654818
rs1984749	SNP	rs1984749	194	0.47	2249904	9.77	3.7	16.11	2196654	2.00380515635327	7.94423971181283	13.0282361777652
rs2252910	SNP	rs2252910	130	0.26	2278644	9.77	3.7	16.11	2225394	2.00882219832968	8.00939419503337	13.1395390698526
rs1381247	SNP	rs1381247	217	0.4	2302387	9.77	3.7	16.11	2249137	2.01379177418253	8.06747088936517	13.2322410063629
rs4613098	SNP	rs4613098	235	0.37	2318550	9.77	3.7	16.11	2265300	2.01717480305461	8.10700648345543	13.2953476651598
D17S1798	STS	AFMA202XF5	67	0.33	2558384	9.91	3.76	16.49	2505057	2.11355638744259	8.71206476966745	14.2681223634631
rs1003399	SNP	TSC0078180	246	0.5	2598639	10.39	4.09	17.21	2545389	2.13905472060585	8.80150499753853	14.4158893946521
D17S1845	STS	AFMB307ZG5	917	0.81	2704868	10.39	4.09	17.21	2651617	2.21487788005525	9.0511551716295	14.8110664223988
rs1825935	SNP	rs1825935	45	0.07	3237858	12.56	4.12	20.17	3184608	2.75009610405075	10.4469960910596	17.2058653176155
rs405923	SNP	rs405923	308	0.54	3238641	12.56	5	20.17	3185391	2.75106015619245	10.4489639588150	17.2089331026251
rs1068692	SNP	rs1068692	294	0.52	3270284	12.56	5	20.17	3217034	2.79081497611404	10.5281274094318	17.3257186449302
D17S1152	STS	UT785	51	0.62	3302422	12.89	5	20.77	3249171	2.83153697396977	10.6083877864506	17.4419470561596
rs395357	SNP	rs395357	276	0.53	3436080	12.89	5	20.77	3382830	3.01233490357563	10.9403980561692	17.9312006898574
D17S829	STS	AFM023TG5	112	0.7	3545269	12.89	5	20.77	3492018	3.16912725122355	11.2125765929307	18.315160626728
rs222775	SNP	rs222775	237	0.55	3585777	13.32	5	21.75	3532526	3.22799335507454	11.3128844958018	18.4557076494486
rs1367950	SNP	rs1367950	150	0.55	3618298	13.32	5	21.75	3565047	3.27542478690377	11.3930841412779	18.5673265717436
rs1178562	SNP	rs1178562	158	0.3	3649572	13.32	5	22.45	3596321	3.32116842130864	11.4691795990936	18.6722415045174
rs1178563	SNP	rs1178563	207	0.41	3653959	13.32	5	22.45	3600708	3.32758969265307	11.4798184251204	18.6868748069498
D17S1298	STS	GAAT2C03	790	0.59	3666550	13.32	5	22.45	3613277	3.34601919515997	11.5103526075921	18.7288734189687
rs966004	SNP	rs966004	99	0.3	3669627	13.32	5	22.45	3616376	3.35052301369811	11.5178145787989	18.7391370778665
D17S919	STS	UT1985	785	0.72	3688738	13.32	5	22.45	3635469	3.37877515585964	11.5646489609635	18.8041871403655
rs2891	SNP	WIAF-821	131	0.51	3705526	13.32	5.01	22.45	3652275	3.40380185802547	11.6061556405094	18.8623040459537
rs1558294	SNP	rs1558294	185	0.38	3763574	13.81	5.66	22.45	3710323	3.49016049471143	11.7498355342504	19.0632338383949
D17S1828	STS	AFMB013ZB1	488	0.83	3810467	13.81	5.66	22.45	3757107	3.56065961535187	11.8627526569718	19.2159708239182
rs781852	SNP	rs781852	154	0.42	3953102	13.81	5.66	22.49	3899851	3.77855347584392	12.2051288403343	19.6856719180691
D17S1584	STS	AFMA061ZA9|D17S1876	140	0.77	4345252	14.61	5.66	22.49	4291769	4.41409686250201	13.0405148015495	20.7633070728879
rs884250	SNP	TSC0024320	124	0.24	4351640	14.61	6.71	22.49	4298389	4.42388862413776	13.0533113383645	20.7758082207270
rs333134	SNP	TSC0560222	143	0.26	4379578	14.61	6.71	22.86	4326327	4.46671554155785	13.1092668738117	20.8304976238170
rs724809	SNP	rs724809	244	0.47	4411829	15.54	6.71	24.7	4358578	4.51754310182606	13.1681974806320	20.9021514638683
D17S675	STS	UT222	41	0.46	4513836	15.54	6.71	24.7	4460378	4.67971951688843	13.3532923738811	21.1251046997921
rs4790702	SNP	rs4790702	284	0.44	4665454	15.54	6.71	24.71	4612203	4.94586689927694	13.6358044018395	21.4139168708875
rs3031	SNP	WIAF-963	60	0.42	5113423	16.53	7.65	25.99	5054147	5.76489642635206	14.5737739403419	22.4565103032413
D17S1854	STS	AFMB346YC5	527	0.55	5665402	16.53	7.65	26.11	5606065	7.1489198484966	15.9022990787380	24.1783887574205
D17S595	STS	UT136	526	0.51	5926769	18.6	10.06	27.98	5867439	8.08740051826127	16.7184068432917	24.8477949392434
D17S1832	STS	AFMB022WF9	146	0.8	5972677	18.6	10.06	27.98	5913298	8.2466112029424	16.8670186336650	24.9743854586569
D17S678	STS	UT225	933	0.86	6030652	18.96	10.06	28.55	5971375	8.44524833014228	17.0504959976237	25.1339979722407
rs1319344	SNP	rs1319344	216	0.5	6172696	18.96	10.06	28.55	6113420	8.91942004661517	17.4797467504062	25.5157236561284
D17S938	STS	AFM263WH5	698	0.79	6249300	19.66	10.99	29.02	6189991	9.17307112789334	17.7053317558249	25.7148969953485
D17S796	STS	AFM177XH6	164	0.93	6251594	19.66	10.99	29.02	6192245	9.18077672830124	17.7122867532347	25.7209378841667
rs1588751	SNP	rs1588751	89	0.26	6270616	19.95	11.45	29.02	6211340	9.2449843546293	17.7696750646551	25.7706906386626
rs956101	SNP	rs956101	171	0.44	6286526	19.95	11.45	29.02	6227250	9.29984708623885	17.8166239203029	25.8110462730304
D17S1149	STS	UT5265	50	0.6	6315355	19.95	11.45	29.02	6256053	9.39925863178075	17.9016954828089	25.8841708854245
GATA158H04	STS	GATA158H04	921	0.71	6333071	19.95	11.45	29.02	6273794	9.46392599766293	17.9551718235542	25.9292297670505
rs7212734	SNP	rs7212734	322	0.47	6340460	19.95	11.45	29.02	6281184	9.49160432919878	17.9777125295434	25.948047127139
rs2280111	SNP	rs2280111	162	0.25	6349977	19.95	11.45	29.02	6290701	9.52725390034869	18.0067448612390	25.9722838054394
rs2280112	SNP	rs2280112	339	0.45	6365791	19.95	11.45	29.02	6306515	9.58649129849565	18.0549866699430	26.0125568779038
rs2009	SNP	WIAF-1598	71	0.55	6481776	19.95	11.45	29.02	6422500	10.0346096858131	18.4298407549004	26.3187832380921
rs1443417	SNP	rs1443417	233	0.51	6493198	19.95	11.45	29.02	6433922	10.0797981118782	18.4702496522059	26.3498700207961
D17S1881	STS	AFMA090XE5	921	0.79	6527835	19.95	11.45	29.02	6468415	10.2170898786417	18.5936640626185	26.4442461639107
D17S516	STS	D17S516	375	0.57	6653622	20.93	12.95	29.51	6594310	10.7179843935121	19.0259263995475	26.7863077543869
D17S906	STS	UT751	189	0.81	6696333	20.93	12.95	29.51	6637027	10.8870194529324	19.1729272561736	26.9008301333416
rs1848550	SNP	rs1848550	254	0.47	6745641	20.93	12.95	29.51	6686365	11.0834971260607	19.3379632404315	27.0319709015804
D17S578	STS	MFD152	644	0.6	6824007	21.75	13.51	30.42	6764603	11.3742277969844	19.5983560225913	27.2352830555216
rs1696	SNP	rs1696	13	0.08	6844414	21.75	13.51	30.67	6785138	11.4467959859002	19.6654758795603	27.2862282686919
rs222850	SNP	rs222850	227	0.47	7137950	22	13.51	30.92	7078674	12.3825814174443	20.4767436993613	27.9301216902332
rs4562	SNP	rs4562	210	0.45	7163739	22	13.51	30.92	7104463	12.4458787889404	20.5449552715767	27.9871521101248
D17S960	STS	AFMA120XD5	678	0.63	7257773	22.9	14.99	31.19	7198252	12.6707854413781	20.7603230280644	28.1771374535583
rs17882626	SNP	rs17882626	203	0.36	7306727	22.97	14.99	31.73	7247451	12.8021262268350	20.8594520491110	28.2657499559721
rs4151122	SNP	rs4151122	233	0.5	7342682	23.27	15.33	31.73	7283406	12.8933026135472	20.9418549714628	28.3383127634959
rs9217	SNP	rs9217	291	0.53	7363088	23.27	15.33	31.73	7303812	12.9389576513476	20.9880082827724	28.3792800498635
rs858526	SNP	rs858526	249	0.44	7499382	23.27	15.33	31.73	7440107	13.2323287480079	21.2585584694364	28.6127601581803
D17S1353	STS	AFM070XG5	156	0.93	7617423	23.27	15.33	31.73	7558137	13.4595660819382	21.4703538712208	28.7923921160507
D17S720	STS	UT39	1018	0.85	7696720	23.27	15.33	31.73	7637335	13.5850158013275	21.5665802817606	28.8755890073708
rs1565816	SNP	TSC0457749	245	0.41	7767488	23.27	15.5	31.73	7708213	13.6747910052611	21.6353585224504	28.9398436952681
D17S1796	STS	AFMA183YE1	116	0.66	7787271	23.27	15.5	31.73	7727887	13.6969427529143	21.6537342634968	28.9553204940238
rs2816	SNP	WIAF-4585	120	0.45	7923564	23.27	15.5	31.73	7864289	13.8670574597919	21.7797716662938	29.0560258029981
D17S1812	STS	AFMA298WA9	106	0.74	8261841	23.27	15.5	31.73	8202565	14.4584602580293	22.1790037851078	29.2666564368105
rs1391766	SNP	rs1391766	278	0.53	8359503	24.37	16.77	32.53	8300228	14.7581090719444	22.3446220489071	29.3275690773835
D17S647	STS	UT184	65	0.55	8405767	24.37	16.77	32.53	8346307	14.9058435489388	22.4233222782962	29.3642631181858
rs422173	SNP	rs422173	278	0.53	8473182	24.37	16.77	32.53	8413907	15.1255344596952	22.5561494112647	29.4458186919717
D17S1805	STS	AFMA223YB1	788	0.62	8576797	24.37	16.77	32.53	8517489	15.477518220826	22.7975878824098	29.6381477658062
rs1465650	SNP	rs1465650	69	0.16	8583818	24.56	16.77	32.81	8524543	15.5019605381892	22.8147196787627	29.6520699923854
rs1812637	SNP	rs1812637	233	0.47	8610591	24.56	16.77	32.81	8551316	15.5991616690624	22.8837976292678	29.7072979315144
D17S1844	STS	AFMB304XD5	1111	0.85	8617422	24.56	16.77	32.81	8558146	15.6240602219543	22.9015146433077	29.7214416071423
rs1529606	SNP	TSC0400510	246	0.37	8622190	25.04	18.14	32.81	8562915	15.6414392733654	22.91388102055	29.7313138140512
rs2043155	SNP	TSC1060579	203	0.36	8632036	25.04	18.14	32.81	8572761	15.6773273061240	22.9394177970449	29.7517000869589
rs1004803	SNP	TSC0080811	212	0.34	8646677	25.04	18.14	32.81	8587402	15.7294244098204	22.9782719004898	29.7826242984109
D17S786	STS	AFM051XD10	1350	0.77	8811780	25.53	18.14	33.4	8752433	16.3616110903029	23.4546328969799	30.1344007026799
D17S1858	STS	AFMB362YG1	138	0.76	8868113	25.53	18.16	33.4	8808753	16.6117410992156	23.6368478525230	30.2580808578241
rs1473664	SNP	rs1473664	202	0.36	8928411	25.53	19.37	33.4	8869136	16.868612183123	23.8433832962406	30.4203542961448
rs1997095	SNP	rs1997095	220	0.52	8974522	26.13	19.45	33.4	8915247	17.0814514220378	24.0109338567883	30.5495417306966
rs869019	SNP	rs869019	254	0.52	8984902	26.13	19.45	33.4	8925627	17.1315420858933	24.0483928497418	30.5822374333734
rs726598	SNP	rs726598	286	0.53	9059488	26.13	19.45	33.4	9000213	17.5031101840298	24.3294085092198	30.8241673864867
D17S952	STS	AFM302WH9	887	0.65	9113669	26.48	19.83	33.59	9054374	17.7865258124351	24.5420623743432	30.9966078711399
D17S1791	STS	AFMA134XH5	1112	0.87	9156457	26.81	20.18	33.79	9097149	18.0157765113892	24.7277521168014	31.1606986376055
rs1379867	SNP	rs1379867	165	0.44	9444319	27.2	20.18	35.79	9385044	19.4714375487892	26.1516644383676	32.461882001154
rs1357108	SNP	TSC0495103	237	0.33	9749200	29.59	23.22	36.98	9689925	21.2199382265768	27.7703993100175	33.9439817589131
rs2272035	SNP	rs2272035	250	0.46	9763601	29.59	23.22	36.98	9704326	21.3002630533814	27.8485574864109	34.0174933601252
rs3786121	SNP	rs3786121	140	0.23	9766102	29.59	23.22	36.98	9706827	21.3142129451832	27.8621310992961	34.0302600092906
rs1047339	SNP	TSC1190166	363	0.46	9815411	29.59	23.22	36.98	9756136	21.6107865896312	28.1376848978384	34.2822424873479
rs1047365	SNP	TSC0745206	304	0.53	9818970	29.59	23.22	36.98	9759695	21.6324310518824	28.1576615999206	34.3004330387728
D17S945	STS	AFM282YD1	1078	0.82	9823237	30.48	23.35	37.78	9763947	21.6583812964529	28.1816123129818	34.3222422781462
D17S804	STS	AFM225ZC1	749	0.6	9865416	30.64	23.35	38.07	9806100	21.9015271927549	28.4183855477426	34.5356277198077
rs887260	SNP	TSC0155500	294	0.44	9871988	30.69	24.59	38.07	9812713	21.9392322643355	28.4552779881536	34.5688461770496
rs722833	SNP	rs722833	208	0.44	9936249	30.69	24.59	38.07	9876974	22.3407965935444	28.815716528209	34.8855164055953
D17S1879	STS	AFMA070TC5	148	0.85	10112468	32.73	26.47	39.39	10053181	23.3405623732512	29.7522130680265	35.6755288500831
rs2024075	SNP	rs2024075	296	0.48	10264552	32.73	26.47	39.39	10205277	24.1491559929818	30.5044286852501	36.3059114286621
D17S520	STS	MFD144A	1106	0.87	10269046	32.73	26.47	39.39	10209770	24.1696606260192	30.5235115676431	36.3232545133512
rs758140	SNP	rs758140	165	0.52	10374300	33.48	27.33	40.26	10315025	24.6603034445033	30.9883897578704	36.7216072004885
rs1266160	SNP	rs1266160	261	0.5	10461676	33.48	27.33	40.26	10402401	24.9583509147885	31.2971440482322	37.0138981501624
rs995362	SNP	rs995362	226	0.49	10480915	33.48	27.33	40.26	10421640	25.0166643881347	31.3600030955924	37.0743115002809
D17S1852	STS	AFMB336ZG9	180	0.89	10515507	33.48	27.33	40.26	10456225	25.1178982688266	31.4748495706749	37.1827936430203
D17S974	STS	GATA8C04	137	0.77	10518711	33.48	27.33	40.26	10459390	25.1272748111987	31.4854869465469	37.1928415380636
rs7512	SNP	WIAF-1284	116	0.55	10583714	33.48	27.33	40.26	10524439	25.2688362074258	31.6363309492971	37.3600139226739
D17S1159	STS	UT5567	82	0.65	10647210	33.48	27.33	40.26	10587854	25.3916699377349	31.7797779529219	37.5128756850419
D17S2185	STS	D17S2185	883	0.7	10733173	33.48	27.33	40.26	10673897	25.5960312876883	31.9883929843523	37.7168795321184
D17S954	STS	AFM316VG1	815	0.73	10791738	33.48	27.33	40.26	10732356	25.7385444006066	32.1315035694806	37.8512493558713
D17S1303	STS	GATA64B04	972	0.74	10859378	34	27.33	41.05	10800103	25.9226340818698	32.2799918028682	37.9957030655626
rs720404	SNP	rs720404	98	0.21	10882051	34	27.33	41.71	10822776	25.9793773059285	32.3313166802114	38.0427809870206
rs1860300	SNP	rs1860300	289	0.56	11134687	34.23	27.33	41.71	11075412	26.3569206945372	32.7336016264573	38.4680225325508
rs725924	SNP	rs725924	272	0.52	11135593	34.23	27.33	41.71	11076318	26.3581280482365	32.7350693831943	38.469234034241
rs725923	SNP	rs725923	261	0.53	11135702	34.82	28.17	41.71	11076427	26.358273303814	32.7352459676141	38.4693797888594
rs719251	SNP	rs719251	109	0.28	11228108	34.82	28.17	41.71	11168833	26.5423967759454	32.8793846206681	38.6177942206594
rs1546561	SNP	rs1546561	211	0.43	11228589	34.82	28.22	41.71	11169314	26.5435887978617	32.8801135942334	38.6186619527493
rs205060	SNP	TSC0578484	168	0.52	11292511	34.82	28.91	41.71	11233236	26.7346327341561	33.0391579877311	38.7441345037877
rs722117	SNP	rs722117	149	0.35	11369837	34.84	28.91	41.71	11310562	27.0318187254196	33.2969184414438	38.9283444395103
D17S1875	STS	AFMA054YH9	122	0.67	11384615	35.06	28.91	41.71	11325205	27.0890684207403	33.3475611759868	38.9640757637980
rs973358	SNP	TSC0284288	418	0.46	11393896	35.06	28.91	41.71	11334621	27.1217713628594	33.3773538765411	38.9858517325725
D17S748	STS	UT65	563	0.56	11396837	35.06	28.91	41.71	11337560	27.1302612810954	33.3856354187640	38.9923694911286
rs2193112	SNP	TSC1244812	238	0.47	11434764	35.06	29.41	41.71	11375489	27.2397468740688	33.4924338043098	39.0764222040693
rs2874641	SNP	TSC1730363	340	0.49	11460264	35.41	29.41	41.71	11400989	27.315398880701	33.5636893091363	39.1318951856993
D17S676	STS	UT223	84	0.65	11597858	35.95	30.45	42.35	11538451	27.7560379913286	33.9544528797965	39.4319354020784
rs2277657	SNP	rs2277657	278	0.54	11666674	36.35	30.55	42.72	11607399	27.9876026012573	34.154553416241	39.5829947412749
rs2011094	SNP	rs2011094	284	0.45	11690031	36.35	30.55	42.73	11630756	28.0519200946153	34.2176733709273	39.6336148105996
rs17878648	SNP	rs17878648	287	0.46	11761675	36.35	30.55	42.73	11702400	28.2753229041296	34.4149769614311	39.7885147298736
rs8070256	SNP	rs8070256	279	0.5	11786951	36.73	30.55	43.26	11727676	28.3767569077134	34.4954231204834	39.8436537620715
D17S969	STS	GATA10H07	905	0.68	11844966	36.73	30.55	43.26	11785691	28.6140302309158	34.6838823763828	39.9712243714785
D17S1692	STS	D17S1692	65	0.23	12241554	37.98	30.55	44.46	12182279	29.5329986999786	35.6848951404593	40.9543968158668
rs758188	SNP	rs758188	289	0.42	12503944	37.98	30.55	44.46	12444669	30.1021938917003	36.2868987369374	41.4857710957901
rs1519252	SNP	rs1519252	127	0.25	12531685	37.98	32.26	44.46	12472410	30.1640390006159	36.3529779007063	41.5386018798639
rs1401539	SNP	rs1401539	78	0.18	12531983	37.98	32.26	44.46	12472708	30.1648367249166	36.3536673076301	41.5391694155301
D17S1803	STS	AFMA219YE9	1128	0.83	12564238	37.98	32.26	44.46	12504961	30.2511810112235	36.4282875100661	41.6005984857107
rs2013165	SNP	rs2013165	177	0.36	12608977	37.98	32.3	44.46	12549702	30.3581838988638	36.5250959873373	41.6837187652657
rs726486	SNP	rs726486	175	0.35	12609119	37.98	32.3	44.46	12549844	30.3585071925371	36.525394688979	41.6839799186641
rs2013153	SNP	rs2013153	177	0.36	12609152	37.98	32.3	44.46	12549877	30.3585823241655	36.5254641055577	41.6840406092426
rs1233855	SNP	rs1233855	226	0.4	12613063	37.98	32.3	44.46	12553788	30.3674865604793	36.5336910219025	41.6912333623493
rs1714984	SNP	rs1714984	87	0.25	12617701	38.04	32.36	44.46	12558426	30.3780459693322	36.5434472065119	41.6997631472914
rs1984661	SNP	rs1984661	186	0.45	12650777	38.88	33.07	44.46	12591502	30.4611833543611	36.6150843821584	41.7558476895363
D17S947	STS	AFM290VC9	132	0.91	12806364	39.5	33.07	45.49	12747060	30.8423889907476	36.9485784672494	42.0027504876912
rs2215054	SNP	TSC1276580	239	0.46	12839009	39.5	33.07	45.51	12779734	30.9205175777417	37.0084674204520	42.0462982806124
rs2523	SNP	WIAF-1274	104	0.51	12895815	39.5	33.07	45.51	12836540	31.0659778927594	37.13642936269	42.1304848760822
rs764191	SNP	rs764191	227	0.48	13039792	39.5	33.07	45.51	12980517	31.3708125644112	37.4231752898613	42.3338361340294
rs916797	SNP	TSC0229219	413	0.44	13126898	39.5	33.07	45.51	13067623	31.5910065819956	37.6133556053664	42.4578041031647
D17S1808	STS	AFMA272XB9	135	0.84	13135382	39.5	33.07	45.51	13076082	31.6152109255109	37.6346846391168	42.4711955881623
rs1468191	SNP	rs1468191	273	0.54	13136096	39.5	33.07	45.51	13076821	31.6172479247176	37.6364796568087	42.4723225943255
rs1024435	SNP	TSC0247588	371	0.48	13168836	39.5	33.07	45.51	13109561	31.7106531824606	37.7187890114748	42.5240007200707
D17S799	STS	D17S799	1140	0.74	13170963	39.5	34.36	45.51	13111680	31.7169683244882	37.7242300468027	42.5275601078924
rs2188894	SNP	TSC1239791	317	0.41	13176779	39.5	34.36	45.51	13117504	31.7358623078607	37.7397247941224	42.5386232333591
D17S639	STS	UT176	66	0.52	13197467	39.5	34.36	45.51	13138191	31.8030697920441	37.794840910448	42.577975698912
D17S121	STS	EW405	205	0.38	13246267	39.5	34.36	45.51	13186991	31.9620581865393	37.928893421123	42.6694006911456
rs6502264	SNP	rs6502264	335	0.49	13392688	40.26	34.47	45.96	13333413	32.4941101325825	38.3293822004858	42.9372323401078
rs12936110	SNP	rs12936110	237	0.41	13413785	40.26	34.47	45.96	13354510	32.570391383978	38.3758960222228	42.9703131528276
rs11651832	SNP	rs11651832	249	0.45	13427538	40.26	34.47	45.96	13368263	32.6201186461689	38.4062180865139	42.9918783240526
D17S936	STS	AFM260YG5	121	0.61	13433284	40.26	34.47	45.96	13373908	32.6408946840187	38.4188866374786	43.0008882472591
rs726799	SNP	rs726799	174	0.45	13500396	40.26	34.47	45.96	13441121	32.8842007661081	38.5551248800364	43.1002545737767
rs1013120	SNP	rs1013120	164	0.35	13545219	40.26	34.47	45.96	13485944	33.0986788380026	38.6933383143822	43.1691830550159
rs1860124	SNP	rs1860124	52	0.14	13727391	40.26	34.47	45.96	13668116	34.2129416687561	39.47655450585	43.7134646095131
rs1558120	SNP	rs1558120	273	0.48	13807364	41.36	35.76	47.01	13748089	34.7842203927585	39.8663181600066	43.9602918439466
D17S1856	STS	AFMB355ZF5	796	0.77	13917105	43.25	39.26	47.81	13857657	35.678061453339	40.4475639799644	44.2937471999769
D17S922	STS	AFM197XH6	664	0.67	14031165	43.25	39.26	47.81	13971836	36.5980660521982	41.0486014656518	44.6433716690205
rs983424	SNP	TSC0300118	260	0.45	14153554	43.52	39.68	47.81	14094279	37.6863302592022	41.7224619805459	44.9960484929596
D17S900	STS	UT405	928	0.82	14194911	43.52	39.68	47.81	14135626	38.0509209385372	41.9500304488202	45.1081707642321
rs886862	SNP	TSC0154878	289	0.5	14215436	43.52	39.68	48.58	14156161	38.2287919171474	42.0644360006066	45.1561741329487
rs1990203	SNP	TSC0848693	204	0.25	14247832	44.12	39.68	48.58	14188557	38.5095081315502	42.2450241826354	45.2318674096942
rs917310	SNP	TSC0229878	228	0.45	14250778	44.12	39.68	48.58	14191503	38.5351654686556	42.26140930739	45.2396301086060
D17S921	STS	AFM191XH12	860	0.71	14260705	44.12	40.39	48.58	14201323	38.6218959598198	42.3165432536448	45.2676449601131
D17S955	STS	AFM317YG1	71	0.31	14351869	45.14	42.25	48.58	14292543	39.4190111282388	42.8312260590984	45.5189763534353
rs612066	SNP	rs612066	288	0.48	14408834	45.14	42.25	48.58	14349559	39.9116419375764	43.1641272691003	45.6744406306812
D17S61	STS	EW401	234	0.36	14425657	45.14	42.25	48.58	14366381	40.0540769681831	43.2567157781361	45.7205116588293
rs2058237	SNP	rs2058237	243	0.5	14475601	45.14	42.25	48.58	14416326	40.4751271870762	43.5334133552672	45.857291217949
D17S839	STS	AFM200YB12	666	0.64	14485247	45.14	42.25	48.58	14425914	40.5559626337617	43.589683132143	45.8836810936537
rs718994	SNP	rs718994	59	0.11	14492212	45.14	42.25	48.58	14432937	40.6143307538286	43.6303133411353	45.9027361925842
rs718993	SNP	rs718993	108	0.21	14492388	45.14	42.25	48.58	14433113	40.6158056697126	43.6313400341407	45.9032176997502
D17S125	STS	VAW412	180	0.44	14534283	45.45	43	48.58	14475007	40.9738326988967	43.8728020443923	46.0179843386272
rs736988	SNP	rs736988	169	0.33	14679691	46.45	43.06	49.72	14620416	42.2133296250645	44.7024605632797	46.4184968409474
rs11078274	SNP	rs11078274	261	0.41	14843228	47.36	45.99	49.72	14783953	43.5010097512169	45.5958119779604	46.8919759468672
rs999725	SNP	rs999725	219	0.38	14894010	47.36	45.99	49.72	14834735	43.8284512564041	45.838914490683	47.0459621488613
rs917541	SNP	rs917541	238	0.51	14921065	48.2	45.99	49.91	14861790	43.9977506150483	45.9644657235162	47.1183483413939
D17S1296	STS	ATA27F08	106	0.59	14978846	48.2	45.99	50.18	14919566	44.336546485251	46.2177279326622	47.2729039866282
rs16830	SNP	WIAF-3197	87	0.47	14997297	48.2	45.99	50.69	14938022	44.4377031686385	46.2940449372084	47.322813647295
rs983292	SNP	rs983292	260	0.51	15028303	48.87	47.45	50.78	14969028	44.6109750946743	46.4237576816607	47.4045705481098
D17S918	STS	UT1860	63	0.62	15155676	48.87	47.45	50.78	15096401	45.1937333335985	46.8625849217207	47.702610559956
rs231026	SNP	rs231026	383	0.51	15156929	48.87	47.45	50.78	15097654	45.1984958033317	46.8663891984514	47.7054128119286
rs231018	SNP	rs231018	202	0.54	15165581	48.87	47.45	50.78	15106306	45.2313807898698	46.8926578355416	47.724762440074
rs55568	SNP	rs55568	156	0.44	15167975	48.87	47.45	50.78	15108700	45.2400981093794	46.899654300428	47.7296378430404
rs2024157	SNP	TSC1045151	336	0.43	15196537	48.87	47.45	50.78	15137262	45.3436404262659	46.982798336232	47.7872268287646
D17S122	STS	D17S122	384	0.6	15209345	48.87	47.45	50.78	15150070	45.3900716983996	47.0200824483593	47.8130513413742
rs433068	SNP	TSC0693157	123	0.17	15225643	48.87	47.45	50.78	15166368	45.4498655074459	47.0662080745982	47.8450038830151
rs1380182	SNP	rs1380182	192	0.45	15246186	48.87	47.45	50.78	15186911	45.5268075314797	47.1214283396372	47.8832657279144
D17S261	STS	MFD41	253	0.5	15359776	48.87	47.45	50.78	15300489	45.9024724847033	47.4027699465264	48.0843664655238
rs4572441	SNP	rs4572441	277	0.53	15403127	49.29	47.45	51.56	15343852	46.0252880947973	47.5035271573593	48.1572096932679
rs12943480	SNP	rs12943480	258	0.4	15412038	49.29	47.45	51.56	15352763	46.048237219507	47.5226961297934	48.1713466689947
rs1971159	SNP	rs1971159	56	0.11	15677884	49.29	47.45	51.56	15618609	46.4102171971122	47.8630809030294	48.5355262728418
rs1045599	SNP	rs1045599	288	0.47	15879910	49.32	47.51	51.56	15820635	46.4602176677441	47.9070423791162	48.6307409316963
D17S1843	STS	AFMB302YD9	809	0.7	16064515	49.32	47.51	51.56	16005099	46.5223885937724	47.9604661610459	48.7065174894454
rs178815	SNP	TSC1190354	287	0.48	16092929	49.32	47.51	51.56	16033654	46.5433176180262	47.9785884804509	48.7208705455966
rs178814	SNP	TSC0082578	347	0.5	16094155	49.8	48.69	51.56	16034880	46.5447359418573	47.9795870555376	48.7215374530998
rs178802	SNP	TSC0897397	318	0.47	16107045	49.8	48.69	51.56	16047770	46.5596480088902	47.9900859404217	48.7285492293774
rs7222754	SNP	rs7222754	216	0.44	16329745	49.8	48.69	51.56	16270470	46.7445345263764	48.1145819338949	48.8249469688278
rs3935801	SNP	rs3935801	223	0.44	16343770	49.8	48.69	51.56	16284495	46.7563762200212	48.1222376535209	48.8300577817801
D17S1857	STS	AFMB357YG9	874	0.69	16415226	49.8	48.69	51.56	16355941	46.8735367189688	48.189713622160	48.855296553945
D17S740	STS	D17S740	385	0.74	16999568	50.35	49.54	52.11	16940292	48.0679377345512	48.8931645082194	49.0614087175924
D17S71	STS	PA10-41	393	0.51	17153955	50.85	50.02	52.11	17094668	48.3596074895212	49.0554760262527	49.1098834914461
rs12948296	SNP	rs12948296	276	0.49	17247126	50.85	50.02	52.11	17187851	48.5283631023244	49.1511421773451	49.1388819605718
D17S2196	STS	GATA185H04	1053	0.81	17264482	50.85	50.02	52.11	17205117	48.5595338125439	49.1687520542599	49.1443616423839
rs1242501	SNP	rs1242501	219	0.38	17379517	51.49	51.45	52.11	17320242	48.7538097557047	49.2781126392786	49.1800337165417
rs7946	SNP	rs7946	158	0.37	17409560	51.49	51.45	52.11	17350285	48.8056410207995	49.3089165212612	49.1893667625587
D17S1794	STS	AFMA151WG5	99	0.58	17511538	51.49	51.45	52.11	17452209	48.9721625959955	49.4052952625479	49.2195348930857
rs1869771	SNP	rs1869771	167	0.44	17561094	51.49	51.45	52.11	17501819	49.0481794997091	49.4573916878855	49.2325526122002
D17S620	STS	UT159	552	0.54	17579746	51.49	51.45	52.11	17520396	49.0772701035128	49.4760206671324	49.2373828463128
rs1925	SNP	WIAF-3889	40	0.17	18177715	51.49	51.45	52.21	18118440	50.1155086759667	50.0508006211563	49.3736051304407
rs3783	SNP	WIAF-2573	54	0.31	18232017	51.49	51.45	52.32	18172742	50.1880524548735	50.0953735219847	49.3847100592149
rs1037037	SNP	rs1037037	220	0.5	18765021	52.33	52.81	52.49	18705746	50.8644222289109	50.4696682483226	49.468098891735
D17S805	STS	AFM234TA1	721	0.6	19375469	52.39	52.97	52.49	19316033	51.5296289384893	50.8300906489453	49.5326561191476
rs1860302	SNP	rs1860302	266	0.48	19914399	53.1	54.32	52.49	19854991	52.1253339262991	51.1538244627088	49.5913493265575
rs1373147	SNP	rs1373147	226	0.5	20206645	53.1	54.32	52.49	20147237	52.4507048410113	51.332160019024	49.6216137262593
D17S959	STS	AFM350ZB1	666	0.51	20632353	53.1	54.32	52.49	20572809	52.9049680221085	51.5833653859293	49.66441015303
D17S842	STS	AFM240XE5	389	0.43	20667275	53.1	54.32	52.49	20607866	52.9390643280422	51.6032705957307	49.6673846350831
D17S2187	STS	D17S2187	975	0.75	20694827	53.22	54.57	52.49	20635418	52.9716188753415	51.6175378571913	49.6698928629354
D17S1871	STS	AFM347XA9	715	0.71	20762061	53.36	54.8	52.49	20702454	53.045925867692	51.656565812608	49.6766679420342
rs4985952	SNP	rs4985952	158	0.26	20894957	53.58	55.16	52.65	20835549	53.1806661047316	51.7350448823214	49.6904042373417
rs3612	SNP	WIAF-2375	56	0.28	20905084	53.58	55.16	52.65	20845676	53.1918138494527	51.7411238766791	49.6914565326665
rs2291035	SNP	rs2291035	156	0.35	20914635	53.58	55.16	52.67	20855227	53.2023275366089	51.7468571121003	49.6924489759022
D17S689	STS	UT263	55	0.57	20962927	53.58	55.16	52.67	20903391	53.2539767714871	51.7744861415744	49.6973708306654
rs1478791	SNP	rs1478791	324	0.49	21023006	53.58	55.16	52.67	20963598	53.3159413920485	51.808623099963	49.70345910331
rs1448	SNP	WIAF-3410	178	0.5	21088340	53.58	55.16	52.7	21028932	53.3806372057253	51.8456333853018	49.7099698235027
rs2348	SNP	rs2348	152	0.49	21225380	53.6	55.2	52.7	21165973	53.4926599424023	51.9123313795957	49.7245743528356
rs1478999	SNP	rs1478999	232	0.45	21704418	54.19	56.2	52.77	21628545	53.9341207474287	52.1582248569874	49.7677393433436
rs1564296	SNP	rs1564296	232	0.45	21730263	54.19	56.2	52.77	21654390	53.9564142104501	52.1713039518051	49.7694455690275
rs1877497	SNP	rs1877497	202	0.42	21940171	54.19	56.2	52.82	21864298	54.1019921688527	52.2473872160161	49.7815575901928
rs1851272	SNP	TSC0785718	302	0.4	25375753	54.19	56.2	52.82	22399880	54.6500689991911	52.5702989923701	49.8541721720329
rs1521563	SNP	TSC0785720	170	0.36	25375921	54.19	56.2	52.82	22400048	54.650113732776	52.5703266238958	49.8541741263722
rs1402726	SNP	TSC0586605	187	0.41	25395770	54.19	56.2	52.82	22419897	54.6553989525812	52.5735912557622	49.8544050292258
rs1589464	SNP	rs1589464	155	0.36	25412715	54.19	56.2	52.82	22436842	54.6599109204184	52.5763782569701	49.8546021499298
rs2013148	SNP	rs2013148	128	0.27	25458873	54.19	56.2	52.82	22483000	54.6840625966901	52.5854976649138	49.8551204653003
rs1060618	SNP	rs1060618	304	0.53	25640081	54.19	56.2	52.82	22664208	54.7916067381671	52.639616877949	49.8571223629921
rs188914	SNP	rs188914	293	0.47	25683677	54.19	56.2	52.82	22707804	54.8320735747452	52.6589176520869	49.8576067080578
D17S691	STS	UT265	835	0.7	25716195	54.19	56.2	52.82	22740303	54.8769126949257	52.6786627326236	49.8580034381892
rs1551853	SNP	TSC0435756	352	0.46	25735492	54.19	56.2	52.82	22759619	54.9035213578855	52.6903799605933	49.8582388678388
D17S1264	STS	D17S606	44	0.78	25766267	54.19	56.2	52.82	22790393	54.9456700295766	52.7111360890435	49.8585851263764
D17S719	STS	UT38	55	0.54	25766267	54.52	56.98	52.82	22790393	54.9456700295766	52.7111360890435	49.8585851263764
rs1403322	SNP	rs1403322	98	0.19	25778127	54.73	57.31	52.82	22802254	54.9619099914764	52.7191580962656	49.8587182412916
rs953113	SNP	rs953113	239	0.54	25814888	54.73	57.31	52.82	22839015	55.0121460698471	52.7440012494891	49.8591274255683
D17S696	STS	UT25	72	0.81	25835691	54.73	57.31	52.82	22859796	55.0405463549242	52.7580538890161	49.8593580267876
rs940010	SNP	TSC0360531	298	0.41	25859679	54.73	57.31	52.82	22883806	55.0737868389788	52.774611311615	49.8596135527772
D17S1878	STS	AFMA066ZF9	568	0.67	26111007	54.89	57.61	52.82	23135125	55.420961087433	52.9452163559836	49.8624106596338
D17S33	STS	D17S33	421	0.47	26124485	54.89	57.61	52.82	23148611	55.4387973104143	52.9542006543638	49.8625559587281
rs16948	SNP	rs16948	129	0.45	26124604	54.89	57.61	52.82	23148731	55.4389543861094	52.9542797921903	49.8625572163407
rs16949	SNP	WIAF-4589	86	0.34	26124699	54.95	57.64	52.82	23148826	55.4390797826727	52.9543429694467	49.8625582203171
D17S1837	STS	AFM205XD6	115	0.69	26648704	55.01	57.87	52.82	23672830	56.0926584003681	53.2786914495468	49.8682552742534
D17S1824	STS	AFMB002YC1	973	0.82	26660069	55.01	57.87	52.82	23684078	56.105863848043	53.2850852932054	49.868375975732
D17S935	STS	AFM260YD5	459	0.54	26783494	55.01	57.87	52.82	23807446	56.2502093398129	53.3521889833598	49.8697282683189
rs11658407	SNP	rs11658407	210	0.3	26827272	55.01	57.87	52.82	23851399	56.2983908306302	53.3763242802779	49.8701777637431
D17S749	STS	UT66	414	0.59	26867670	55.01	57.87	52.82	23891796	56.3418587296251	53.3980837984312	49.8706165455893
D17S925	STS	AFM206YH8	503	0.75	27306861	55.19	58.23	52.82	24330991	56.7748119233385	53.6175377203774	49.8753958623353
D17S1873	STS	AFMA046YB1	147	0.85	27457470	55.49	58.83	52.82	24481470	56.9099599440475	53.684110524392	49.8770477553851
rs1388175	SNP	rs1388175	190	0.44	27464016	55.49	58.83	52.82	24488142	56.9155186097608	53.686903176331	49.8771199920953
D17S841	STS	AFM238VB10	634	0.58	27542465	55.49	58.83	52.82	24566590	56.9787459970257	53.723196632739	49.8780002068379
rs727999	SNP	TSC0063172	211	0.42	27546630	55.49	58.83	52.82	24570756	56.9823057440883	53.7251077692197	49.8780474869828
D17S1157	STS	UT2519	44	0.29	27569964	55.49	58.83	52.82	24593997	57.0022488744506	53.7358147220746	49.8783123693121
rs1517623	SNP	TSC0778469	62	0.07	27577786	55.49	58.83	52.82	24601912	57.0089174597086	53.7387094580212	49.8783982296388
D17S1841	STS	AFM207YD2	571	0.68	27861816	55.7	59.24	52.82	24885886	57.2669068530913	53.8637931833713	49.8815654908511
rs1060636	SNP	rs1060636	182	0.33	27876805	55.7	59.24	52.82	24900931	57.2817292251546	53.8703612759775	49.8817491089623
D17S975	STS	GGAT2C07	729	0.59	28099987	55.88	59.6	52.82	25124113	57.4595617746634	53.9591437861278	49.8843177107305
D17S1294	STS	GGAA9D03	836	0.7	28382175	55.88	59.6	52.82	25406301	57.6677105122724	54.0627498068579	49.8875622690175
rs719601	SNP	rs719601	213	0.49	28731415	55.88	59.6	52.82	25755541	57.7875749849541	54.1238965316465	49.8917071533965
rs1057993	SNP	rs1057993	239	0.51	28771097	55.88	59.6	52.82	25795223	57.7963504767401	54.129249450053	49.8921917754542
D17S1863	STS	AFMC003ZE1	859	0.7	28930439	56.11	60.07	52.82	25954519	57.8403749211171	54.1528026140577	49.8942026392891
D17S635	STS	UT172	30	0.76	29256995	56.11	60.07	52.82	26281120	58.0417661317603	54.2447388699068	49.8984425692928
D17S1849	STS	AFMB322WG5	114	0.67	29570104	56.11	60.07	52.82	26594229	58.410625409501	54.4382929247875	49.9028311255779
rs4795593	SNP	rs4795593	185	0.39	29613600	56.11	60.07	52.82	26637726	58.4740489047125	54.4726223928525	49.9033962038417
D17S1166	STS	UT80	672	0.66	29649016	56.11	60.07	52.82	26673141	58.534799214629	54.5036969268662	49.9038945004453
rs1992	SNP	WIAF-1519	79	0.27	29859016	56.22	60.27	52.82	26883136	58.9030425911826	54.6873315925697	49.9070537140964
rs739632	SNP	rs739632	220	0.45	29871342	56.22	60.27	52.82	26895462	58.921961136561	54.6979109823364	49.907244975565
rs223138	SNP	rs223138	185	0.47	29931617	56.22	60.27	52.82	26955730	59.0285621886801	54.7523325845775	49.9082354920994
D17S1800	STS	AFMA216ZA5	137	0.85	29936829	56.75	61.33	52.82	26960895	59.0382878103954	54.7571353133321	49.9083231332913
rs443259	SNP	TSC1326765	334	0.47	29950893	56.75	61.33	52.82	26975006	59.0663202198964	54.7710303722648	49.9085565161932
rs952581	SNP	rs952581	209	0.42	29990119	56.75	61.33	52.82	27014232	59.1484138593594	54.8118288309283	49.9092006580004
rs191145	SNP	TSC1045679	393	0.46	30024150	56.75	61.33	52.82	27048263	59.2136093186409	54.8467904855374	49.9097527874635
rs757288	SNP	rs757288	150	0.33	30123977	56.75	61.33	53.03	27148090	59.4414636306585	54.9611785881331	49.9114256340539
rs894723	SNP	rs894723	329	0.5	30584017	56.75	61.33	53.03	27608130	60.7106155651608	55.5945851499136	49.9203398526768
D17S1880	STS	AFMA072ZH9	598	0.81	31013893	58.47	64.64	53.03	28037918	62.1442783203022	56.3360701583416	49.9331916564824
rs1990823	SNP	rs1990823	260	0.53	31084973	58.47	64.64	53.03	28109086	62.4108939384123	56.4777918735428	49.9367488518497
rs2052412	SNP	rs2052412	273	0.53	31119162	58.47	64.64	53.03	28143275	62.5383077792899	56.546117024604	49.9390561611057
D17S798	STS	AFM179XG11	1282	0.75	31289872	58.47	64.64	53.03	28313924	63.1832935166682	56.9104467535944	49.9725172673536
rs2278	SNP	WIAF-2293	129	0.46	31535528	59.51	66.57	53.03	28559641	64.1830323518287	57.4853758479568	50.1600419465812
rs870589	SNP	rs870589	285	0.5	31614454	59.51	66.57	53.03	28638567	64.520591163103	57.6859911765095	50.2350645854444
rs1394385	SNP	rs1394385	168	0.29	31689618	59.83	66.87	53.03	28713731	64.8403917221377	57.8776278805748	50.3022668589411
rs1394384	SNP	rs1394384	133	0.35	31789043	59.83	66.87	53.03	28813156	65.3052530033126	58.1574227730229	50.4147744217394
rs952540	SNP	rs952540	137	0.28	31789102	59.99	67.55	53.03	28813215	65.3055487059936	58.1576065137503	50.4148560398892
rs727207	SNP	rs727207	176	0.41	31918057	59.99	67.55	53.03	28942170	65.9371655668313	58.543922436662	50.5809434943735
rs727206	SNP	rs727206	195	0.48	31918109	59.99	67.55	53.03	28942222	65.9374187870947	58.5440695826761	50.5810092778343
D17S2194	STS	D17S2194	772	0.72	31952129	59.99	67.55	53.13	28976225	66.1093062311486	58.6466577949395	50.6278379224477
rs1369102	SNP	rs1369102	12	0.04	31967513	59.99	67.55	53.13	28991626	66.1912285960368	58.6973086475121	50.6515691178039
rs1985858	SNP	rs1985858	104	0.28	32129759	60.81	68.27	53.13	29153872	67.0393662814787	59.2176028254955	50.9035978283951
D17S1850	STS	AFMB322XH1	75	0.49	32137730	60.81	68.27	53.28	29161832	67.0807823023864	59.2404622093522	50.9152437149165
rs967293	SNP	rs967293	135	0.43	32158916	60.81	68.27	55	29183029	67.1892782432776	59.3033776768117	50.9464843103912
rs915484	SNP	TSC0199762	362	0.47	32201521	61.29	69.13	55	29225634	67.3963627619795	59.4450315474827	51.0113227321267
D17S1293	STS	GGAA7D11	444	0.9	32560166	62.21	70.76	55	29584279	69.0112277529021	60.4465615187132	51.5232720398517
rs885691	SNP	rs885691	208	0.33	32641225	62.21	70.76	55	29665338	69.3389521081753	60.6496649253122	51.6339049729606
rs1431991	SNP	rs1431991	189	0.56	32682506	62.21	70.76	55	29706619	69.4996282544498	60.7398932835491	51.689037540519
rs719745	SNP	rs719745	66	0.15	32804670	63.57	73.02	55	29828783	69.9750184452792	61.0366392721235	51.8516693919349
D17S1842	STS	AFM211ZD12	519	0.56	32927414	63.6	73.02	55.12	29951499	70.4434087640105	61.3289447802654	52.0119428140494
D17S1158	STS	UT2558	132	0.17	32944410	64.03	73.8	55.12	29968392	70.510171432804	61.374078405992	52.0355188409662
D17S1872	STS	AFM350ZA5	176	0.98	32954442	64.03	73.82	55.12	29978294	70.5495785340829	61.4007188233425	52.0494347448277
rs758299	SNP	rs758299	326	0.52	33138609	64.03	73.82	55.12	30162722	71.2261583391931	61.8198550403758	52.2773512013599
rs17146	SNP	WIAF-3030	54	0.26	33190676	64.03	73.82	55.12	30214789	71.4178960366945	61.9367212901543	52.3390143163147
D17S933	STS	AFM254VG5	977	0.81	33197167	64.03	73.82	55.12	30221238	71.441913526576	61.9508169949174	52.3462262858417
rs11439	SNP	rs11439	36	0.07	33515164	64.03	73.82	55.12	30539277	72.3742328708106	62.5089741240048	52.5693601246781
rs1233	SNP	WIAF-2145	107	0.37	33596897	64.03	73.82	55.66	30621010	72.589393726508	62.6314106893623	52.6085386051028
D17S1846	STS	AFMB308ZE1	505	0.51	33666089	64.03	73.82	55.66	30690034	72.7656316130512	62.7258110693824	52.6344581154696
rs938298	SNP	rs938298	202	0.39	33687416	64.03	73.82	55.66	30711529	72.8106732015847	62.7512336115392	52.6414443768637
rs722374	SNP	rs722374	77	0.2	33746801	64.03	73.82	55.66	30770914	72.9403606332127	62.8235491145362	52.6599508001014
D17S907	STS	UT752	396	0.88	33866310	64.85	75.22	55.66	30890412	73.1848300018175	62.9634708902803	52.6930049770433
rs2977	SNP	WIAF-908	132	0.48	33881907	64.85	75.22	55.66	30906020	73.2191022549946	62.9831678873765	52.6969866802607
rs225284	SNP	rs225284	223	0.51	33933006	64.85	75.22	55.66	30957119	73.3220382013077	63.041880674205	52.711211623751
rs226426	SNP	rs226426	204	0.4	34051176	64.85	75.22	55.66	31075289	73.5848591073681	63.1888805902687	52.7419210891701
D17S1833	STS	AFMB026XC9	599	0.53	34124050	64.85	75.33	55.66	31148162	73.7279549496537	63.2717263410421	52.7594555869969
D17S758	STS	UT77	48	0.7	34330534	64.93	75.44	55.66	31354646	74.1022344933446	63.4740773853398	52.7999776968088
rs1634481	SNP	rs1634481	263	0.4	34405675	65.32	76.09	55.66	31429788	74.2248593363286	63.5436360773909	52.8132630668661
D0S9035	STS	UT290|D17S966	77	0.75	34818667	65.82	77.04	55.66	31892755	75.0150626966006	63.9718189999865	52.876642231147
rs1005552	SNP	rs1005552	307	0.49	34949598	65.82	77.04	55.66	32023711	75.3433079029768	64.1487905164052	52.8968423376657
D17S927	STS	AFM210ZC7	736	0.68	35006487	65.82	77.04	55.66	32080456	75.4624756399866	64.2163150113675	52.9047785975166
D17S1867	STS	AFM296TB5	684	0.71	35379394	66.92	78.88	56.15	32453460	76.314801338902	64.6989604517102	53.0111710205669
D17S107	STS	VAW134	131	0.43	35572933	66.93	78.88	56.15	32647045	76.7683614148608	64.9526441904993	53.0898159054354
rs17148	SNP	WIAF-3051	79	0.32	35667142	66.93	78.88	56.15	32741255	76.988644843647	65.0814481803011	53.1327449711316
rs4795209	SNP	rs4795209	200	0.33	35971028	66.93	78.88	56.15	33045141	77.76571733331	65.549671983782	53.3098605828873
rs1859212	SNP	rs1859212	207	0.43	36032844	66.93	78.88	56.15	33106957	77.9586661103204	65.6725115153596	53.3534068163981
rs2688	SNP	WIAF-422	141	0.52	36046931	67.06	79.53	56.15	33121044	78.0034160731132	65.7008654911647	53.3630421529946
D17S1788	STS	AFMA124YD9	727	0.64	36086054	67.65	80.27	56.15	33159923	78.1302105787262	65.7799946585562	53.3893494154305
D17S1836	STS	AFMB037YE5	711	0.62	36678668	68.61	81.52	56.86	33932146	79.6285339730333	66.715553050541	53.7154094954811
D17S946	STS	AFM283ZB9	157	0.87	36852911	68.61	81.52	56.86	34106240	80.0193567257657	66.9574790069385	53.7981168767856
D17S1851	STS	AFMB332YB5	151	0.83	36911850	68.61	81.52	56.86	34165361	80.1380660967044	67.0297779408549	53.8211390166413
rs8592	SNP	rs8592	220	0.46	36958065	69.06	82.45	56.86	34211591	80.2256323967815	67.0832707260753	53.8405958535551
D17S838	STS	AFM172YA1	408	0.44	37031290	69.06	82.45	56.86	34284566	80.3584927758951	67.1663162311533	53.8706400735807
rs1038651	SNP	TSC0344254	422	0.53	37053165	69.06	82.45	56.86	34306691	80.404396992021	67.1938705998068	53.8796649152029
rs1982815	SNP	rs1982815	311	0.51	37060134	69.06	82.45	56.86	34313660	80.4190212883493	67.2026489492992	53.8825400750322
rs226228	SNP	TSC0106117	377	0.42	37065008	69.06	82.45	56.86	34318534	80.4290461720348	67.2090006415384	53.8847718508615
rs598751	SNP	TSC0876072	142	0.3	37073532	69.06	82.45	56.86	34327058	80.4463670560956	67.2203298213445	53.8889048523188
rs649997	SNP	rs649997	286	0.46	37083464	69.06	82.45	56.86	34336990	80.4665490153274	67.2335303626202	53.8937205457108
D17S250	STS	MFD15-2	1334	0.84	37152092	69.06	82.45	56.86	34405616	80.6019535082579	67.3217202949074	53.924086264779
D17S1818	STS	AFMA312ZC9	931	0.82	37163107	69.06	82.45	56.86	34416616	80.6231045261238	67.3354406140338	53.9285419057095
rs3254	SNP	WIAF-1741	91	0.51	37223636	69.06	82.45	56.86	34477162	80.7392490285057	67.4099832262013	53.9550186664375
rs1882473	SNP	rs1882473	245	0.41	37240883	69.06	82.45	56.86	34494409	80.7730544276658	67.4297646978444	53.962369143067
D17S964	STS	UT401	33	0.69	37245143	69.55	83	56.87	34498668	80.7814054810943	67.4346484369263	53.9641842858033
rs602688	SNP	rs602688	188	0.42	37439496	69.89	83.36	56.87	34693022	81.1085196656568	67.6457538791055	54.0398036592728
D17S754	STS	UT71	11	0.53	37911786	69.89	83.36	57.04	35165311	81.6471692394764	67.9952754574779	54.1515262473223
rs1008723	SNP	rs1008723	286	0.52	38066267	69.89	83.36	57.21	35319793	81.7387949705394	68.0670497852984	54.1817461847921
D17S656	STS	UT205	55	0.53	38112417	69.89	83.43	57.21	35365942	81.7716564055307	68.0923006518428	54.1935338496189
D17S1814	STS	AFMA302YB5	967	0.74	38118884	69.89	83.89	57.21	35372252	81.7764620507193	68.096493428885	54.1953044167985
D17S700	STS	UT26	33	0.34	38164201	69.89	83.89	57.21	35417726	81.8101305942364	68.1258233874092	54.2087423410253
D17S2007	STS	D17S2007	56	0.36	38173711	69.89	83.89	57.21	35427246	81.8171948268967	68.1319686726977	54.2117610556617
D17S2189	STS	D17S2189	68	0.69	38247416	69.89	83.89	57.21	35500942	81.8780760744066	68.184677611655	54.2391642848054
D17S649	STS	UT186	86	0.76	38689763	69.89	83.89	57.21	35943218	82.317623649618	68.5369986555032	54.4606721459323
rs1526601	SNP	rs1526601	208	0.49	38835136	69.89	83.89	57.21	36088662	82.495529660659	68.6703882701177	54.5471194729351
rs719866	SNP	rs719866	193	0.46	38928543	69.89	83.89	57.49	36182069	82.614035668351	68.7542901463442	54.6026143536584
D17S1299	STS	GATA25A04	221	0.71	38994411	70.21	83.89	57.49	36247937	82.6962788086264	68.815269958796	54.6420355330567
D17S2191	STS	D17S2191	109	0.66	38994411	70.3	83.89	57.49	36247937	82.6962788086264	68.815269958796	54.6420355330567
rs1468259	SNP	rs1468259	283	0.51	39053014	71.16	85.11	57.49	36306540	82.7656305165735	68.8667870239221	54.6770241564432
D17S800	STS	AFM200ZF4	119	0.72	39056361	71.16	85.11	57.49	36309783	82.7695840000502	68.8697277852218	54.6790377064887
rs9303302	SNP	rs9303302	151	0.29	39181534	71.16	85.11	57.49	36435060	82.9395605052724	68.9925691544217	54.7618442203094
rs8067155	SNP	rs8067155	281	0.44	39189970	71.16	85.11	58.11	36443496	82.9546108597544	69.0025965618816	54.767946752396
rs1846043	SNP	rs1846043	134	0.39	39265300	71.16	85.11	58.11	36518826	83.1050256018468	69.0969801448373	54.8266770756404
rs721411	SNP	rs721411	56	0.12	39648944	71.16	85.11	58.11	36902470	83.7695213419696	69.520479800978	55.0949272539153
rs1031	SNP	WIAF-4164	99	0.49	39657351	71.16	85.11	58.11	36910877	83.7813209115783	69.5277706788994	55.0998944342486
rs1008753	SNP	rs1008753	239	0.46	39724047	71.16	85.39	58.11	36977573	83.8723175618004	69.5852951827712	55.1392589475526
D17S1787	STS	AFMA119YD1	782	0.83	39724984	71.16	85.66	58.11	36978452	83.8735369575159	69.5860714213709	55.1398108167311
D17S1563	STS	UT8182	747	0.68	39893530	71.45	86.06	58.11	37146745	84.085091447471	69.7187859312659	55.2320746149497
D17S967	STS	UT385	33	0.71	39893602	71.65	86.44	58.18	37147127	84.0851775588079	69.7188343919626	55.2321084855826
D17S746	STS	UT62	38	0.48	39946862	71.91	86.84	58.29	37200387	84.1483086126486	69.7573181535175	55.2575345945964
D17S1564	STS	UT8184	21	0.25	40298992	71.98	86.87	58.43	37552517	84.6050009148176	70.0446025599314	55.4471489172925
D17S1802	STS	AFMA219WD1	362	0.34	40353486	72.05	86.91	58.55	37606990	84.6844323132542	70.090020305144	55.4804550656436
D17S1793	STS	AFMA143XH5	580	0.5	40359404	72.05	86.91	58.55	37612847	84.6930512369028	70.0947550646669	55.4837404317891
D17S1801	STS	AFMA218ZH1	917	0.73	40415784	72.05	86.91	58.55	37669255	84.7745628504638	70.138239085566	55.5148900741963
rs6963	SNP	WIAF-1164	90	0.44	40731597	72.05	86.91	58.55	37985123	85.1007841865487	70.326434775293	55.6310171607195
D17S932	STS	AFM248YG9	133	0.82	41204731	72.05	86.91	58.55	38458255	85.512294237755	70.6063486957238	55.7574703769259
rs16942	SNP	WIAF-4555	108	0.41	41244000	72.05	86.91	58.61	38497526	85.5546183442384	70.633699557262	55.7693996657908
rs16941	SNP	WIAF-4554	79	0.41	41244435	72.05	86.91	58.61	38497961	85.5550939675288	70.6340042701878	55.7695356877678
rs16940	SNP	WIAF-4553	108	0.41	41245237	72.05	86.91	58.61	38498763	85.555970863802	70.6345660627545	55.7697864685162
rs13851	SNP	rs13851	252	0.51	41371844	72.34	86.91	58.61	38727370	85.6841979444006	70.724046025042	55.8092398599464
D17S902	STS	UT573	341	0.84	41647204	72.75	86.91	58.89	39002628	85.9247199978685	70.8970787598552	55.8872070435115
D17S750	STS	UT67	805	0.71	41710797	72.75	88.01	58.89	39066322	85.9864984341934	70.9384913294184	55.9033043575439
D17S965	STS	UT956	60	0.45	41734298	72.75	88.01	58.89	39089592	86.0101440301427	70.9526164362172	55.9090431822069
rs739769	SNP	rs739769	189	0.48	41735120	72.75	88.01	58.89	39090646	86.0109710877092	70.9531104933973	55.9092439104258
D17S1789	STS	AFMA134VC1	99	0.59	41752986	72.99	88.44	58.89	39108390	86.0289470128711	70.9638487240287	55.9136066967511
rs1398883	SNP	rs1398883	247	0.46	41760392	72.99	88.44	58.89	39115918	86.0366002610905	70.9686329377001	55.9156435095569
D17S951	STS	AFM298WG5	971	0.71	41820093	72.99	88.44	58.89	39175543	86.0985604264144	71.0076128286694	55.9317698714447
D17S1860	STS	AFMB364YH9	846	0.76	42370256	73.42	88.99	59.11	39725781	86.6916190732857	71.3760024542519	56.062432533571
D17S930	STS	AFM240YG7	681	0.54	42723441	73.42	88.99	59.11	40078779	87.0942292357506	71.6050712283105	56.130337033204
D17S1861	STS	AFMB364ZG5	986	0.8	42807013	73.42	88.99	59.11	40162456	87.1880908949603	71.656454565635	56.1444786324587
rs7049	SNP	rs7049	40	0.17	42983095	73.42	88.99	59.11	40338621	87.3881958933618	71.7677570915426	56.1704997667366
rs17027	SNP	WIAF-1134	71	0.39	42983193	73.42	88.99	59.11	40338719	87.388304711969	71.7678172541436	56.1705106131997
rs744281	SNP	rs744281	292	0.55	43009886	73.42	88.99	59.11	40365412	87.4174276511007	71.7837331020715	56.1734450376211
D17S1804	STS	AFMA222ZG9	950	0.78	43015215	73.42	88.99	59.11	40370663	87.4231670177173	71.7868424118659	56.1740279877092
D17S934	STS	AFM256VB9	139	0.77	43057680	73.42	88.99	59.11	40413031	87.4682035586754	71.8112300843143	56.1784405217373
D17S1162	STS	UT7359	55	0.8	43254160	73.42	88.99	59.11	40609942	87.6460548600138	71.9077348076703	56.1934724276762
D17S950	STS	AFM298WA5	161	0.73	43260171	73.42	88.99	59.11	40615799	87.65152950949	71.9106150791862	56.1939074782435
rs1989229	SNP	rs1989229	86	0.24	43312893	73.99	90.37	59.11	40668676	87.6967040889434	71.9324783335513	56.1974906639021
D17S810	STS	AFM248YG1	479	0.42	43489002	74.14	90.37	59.18	40844761	87.8358520658659	72.0021302532522	56.2080564968117
rs3089	SNP	WIAF-1021	70	0.27	44209919	74.14	90.37	59.22	41565696	88.459490885498	72.2968795865756	56.2532330143936
rs1815	SNP	rs1815	58	0.27	44276578	74.14	90.37	59.22	41632355	88.5125232748653	72.3282256290778	56.2589739398185
rs1816	SNP	WIAF-3780	74	0.28	44276618	74.14	90.37	59.22	41632395	88.5125546254853	72.3282446162288	56.2589776831591
D17S920	STS	AFM186XA1	751	0.65	44814887	74.14	90.37	59.22	42170022	88.9886960070194	72.6380523075021	56.3953641299532
D17S791	STS	AFM155XD12	168	0.92	44856374	74.14	90.37	59.22	42211427	89.0212220055402	72.6586868380845	56.4081660768652
rs111769	SNP	rs111769	269	0.51	44871987	74.39	90.95	59.22	42227151	89.0339413168975	72.6661292062857	56.4130617039101
D17S693	STS	UT267	503	0.44	44965109	74.39	90.95	59.22	42320086	89.1009131242534	72.7162812217675	56.4420863211785
D17S1834	STS	AFMB031WF5	69	0.41	44983054	74.39	90.95	59.4	42338018	89.1134883165265	72.7258361716951	56.4477394884259
rs197915	SNP	rs197915	224	0.42	44990522	74.54	90.95	59.41	42345521	89.118714535569	72.7298054832402	56.4501130747538
D17S931	STS	AFM248TG5	899	0.75	44995792	74.54	90.96	59.41	42350720	89.1223504176109	72.7325543794204	56.4519424591234
D17S2190	STS	D17S2190	16	0.14	45301004	74.72	91.23	59.5	42656003	89.3128295260866	72.8912070086768	56.5748665260912
rs2013383	SNP	rs2013383	226	0.47	45791123	74.84	91.49	59.54	43146122	89.4762016716612	73.0926473193403	56.796239931311
D17S806	STS	AFM234TD2	517	0.89	45811845	74.84	91.49	59.54	43166787	89.48438626249	73.101788660463	56.8043280074397
D17S1859	STS	AFMB363YF9	568	0.62	45824495	74.84	91.49	59.54	43179462	89.4899572918137	73.1079578040423	56.8092756742512
rs17035	SNP	WIAF-1421	147	0.51	45900968	75.01	91.6	59.82	43255967	89.5303204722715	73.146830077908	56.8403204805092
rs3209	SNP	WIAF-1652	144	0.51	45901123	75.04	91.61	59.87	43256122	89.530410231802	73.1469107429751	56.840384753278
D17S1785	STS	AFMA110WB5	772	0.73	46021549	75.22	91.74	60	43376539	89.6035277940397	73.2081434937727	56.8830915860923
rs1986694	SNP	rs1986694	71	0.16	46026031	75.22	91.74	60	43381030	89.606310969299	73.2103035395615	56.8846578753075
rs2737	SNP	WIAF-507	112	0.46	46059071	75.22	91.74	60	43414070	89.6268277275698	73.2262267686692	56.8962041037038
rs737130	SNP	TSC0031889	206	0.35	46071935	75.22	91.74	60	43426934	89.634887366424	73.2327264276427	56.9005458288201
rs2051821	SNP	rs2051821	143	0.35	46143515	75.22	91.74	60	43498514	89.6861069509658	73.2745446683653	56.9230235079034
D17S958	STS	AFM323YG9	842	0.69	46249049	75.22	91.74	60	43603937	89.7821323527898	73.3432239579055	56.9605365560146
D17S1150	STS	UT649	52	0.61	46282088	75.22	91.74	60	43637087	89.812325724367	73.3633095284412	56.9719912671609
D17S1827	STS	AFMB010XA5	619	0.88	46638484	75.22	91.74	60	43993425	90.1658710678008	73.6005299960375	57.0780837994862
rs733920	SNP	TSC0024701	164	0.33	46639703	75.22	91.74	60	43994702	90.167411139352	73.6014050861544	57.0783803599336
D17S2180	STS	ATC6A06	741	0.67	46673110	75.22	91.74	60	44028053	90.2078141083962	73.6259381624774	57.0859581818745
rs890435	SNP	TSC0160517	258	0.42	46719399	75.22	91.74	60	44074398	90.259827271339	73.661524154454	57.0951064467179
rs972705	SNP	TSC0283292	56	0.07	46733874	75.22	91.74	60	44088873	90.2792170649204	73.6730541064034	57.0984123948216
rs1320283	SNP	rs1320283	174	0.52	46807134	75.22	91.74	60.01	44162133	90.3783381434862	73.7319256213434	57.1145794593097
rs962272	SNP	rs962272	288	0.51	46978283	75.31	91.74	60.01	44333282	90.6558910904219	73.8851411405764	57.1462001873875
D17S1868	STS	AFM301YE5	852	0.78	47184853	75.52	92.31	60.01	44539744	90.96938937173	74.0542211322129	57.1784373636129
D17S797	STS	AFM179XA1	382	0.66	47554382	76.28	93.47	60.2	44909235	91.8506297413636	74.5261645915261	57.2448092299927
D17S733	STS	UT50	86	0.84	47580128	76.7	94.55	60.2	44934999	91.932651965331	74.569228229041	57.2515840318009
D17S1169	STS	UT287	38	0.57	47582070	76.7	94.55	60.2	44937068	91.9404688155479	74.573148460107	57.2520846580982
D17S943	STS	AFM269ZB1	134	0.72	47840358	76.7	94.55	60.2	45195294	92.939429956958	75.0669703643226	57.3312320343647
D17S1795	STS	AFMA154ZA9	870	0.75	47924994	76.7	94.55	60.2	45279977	93.4404164578148	75.3173521373125	57.3730302820297
rs1063647	SNP	rs1063647	238	0.48	48187884	76.89	95.52	60.2	45542883	94.6762228264065	75.9570809561339	57.5077958077879
D17S1319	STS	AHL	125	0.85	48246695	76.89	95.52	60.2	45601693	94.889919588779	76.0743951118677	57.5372471843075
rs1406012	SNP	rs1406012	207	0.4	48292725	78.82	96.94	60.81	45647724	95.0523019595939	76.1653818674572	57.5606310597214
D17S1869	STS	AFM309WF1	70	0.59	48539191	78.82	98.74	60.81	45894132	95.9307497043988	76.6422314604464	57.6841903964068
D17S1815	STS	AFMA306YE1	564	0.57	48666941	78.82	98.74	60.81	46021939	96.3698119682522	76.880545980064	57.7534352936119
D17S747	STS	UT63	11	0.47	48667217	79.08	99.24	60.81	46022134	96.3708469216731	76.8810894292725	57.7535921454949
rs7207294	SNP	rs7207294	222	0.47	48915844	79.44	99.73	60.81	46270843	97.1348771000233	77.3277455835914	57.898269835997
rs9303568	SNP	rs9303568	266	0.42	48939527	79.44	99.73	60.81	46294526	97.1896469496442	77.3642725814627	57.9128852358447
rs12950561	SNP	rs12950561	275	0.43	48946060	79.44	99.73	60.81	46301059	97.2052076050111	77.3747733668236	57.9169566085137
D17S1877	STS	AFM022TF4	702	0.62	49480966	80.19	100.64	61.34	46835954	98.4452791152273	78.1575181576389	58.2511211312579
rs756759	SNP	TSC0100692	184	0.37	49745874	80.19	100.64	61.34	47100873	98.9243670368108	78.4715679709609	58.426630401223
D17S1820	STS	AFMA351WE1	923	0.86	49784861	80.19	100.64	61.34	47139853	98.9984694976902	78.5139381352714	58.4540514438323
rs886080	SNP	TSC0153663	321	0.55	49787036	80.19	100.64	61.34	47142035	99.0026035129366	78.5163018746557	58.4555812042057
rs1880770	SNP	rs1880770	194	0.4	49812406	80.19	100.64	61.34	47167405	99.0441701420714	78.5443680986104	58.4734689923409
rs1263981	SNP	TSC0846465	436	0.49	49823051	80.19	100.64	61.34	47178050	99.0612746557612	78.556169419534	58.4809767602995
D17S941	STS	AFM269XD1	538	0.6	49836674	80.19	100.64	61.34	47191616	99.083164255573	78.5712722278892	58.4905848695432
rs1534203	SNP	TSC0407927	281	0.43	49846031	80.19	100.64	61.34	47201030	99.0980057582033	78.5815157191853	58.4971911821221
rs1124281	SNP	rs1124281	250	0.43	49849063	80.19	100.64	61.34	47204062	99.1026264640603	78.5847083919162	58.4993386359794
rs1526189	SNP	TSC0794547	248	0.46	49856845	80.19	100.64	61.34	47211844	99.1144860725625	78.5929027781932	58.5048503397783
D17S956	STS	AFM319WC1	677	0.68	49914334	80.59	101.21	61.65	47269237	99.2001071538207	78.6525351546111	58.5446652018949
D17S809	STS	AFM248TB9	113	0.69	49917730	80.59	101.21	61.65	47272645	99.2048778831979	78.6559275438847	58.5468870172102
rs1393736	SNP	rs1393736	237	0.54	50187452	80.59	101.21	61.65	47542451	99.5272343193755	78.9047235466411	58.7436165890229
D17S788	STS	AFM095ZD11	878	0.7	50289858	80.59	101.21	61.65	47644854	99.6790296801884	79.0113597688687	58.8352321230341
D17S1865	STS	AFMC023XC5	846	0.7	50642148	81.08	101.21	62.25	47997146	100.074299315173	79.3439823806548	59.1478873311458
rs1492210	SNP	rs1492210	20	0.05	50721071	81.2	101.57	62.26	48076070	100.166314648142	79.4264930684472	59.2241769883867
rs792786	SNP	rs792786	271	0.49	51084300	81.38	101.85	62.31	48439299	100.548326229766	79.763547272328	59.5780810593289
rs1858465	SNP	rs1858465	36	0.2	51142920	81.38	103.01	62.31	48497919	100.604228206097	79.815308557886	59.6318709380719
rs1858466	SNP	rs1858466	98	0.21	51143518	81.38	103.01	62.31	48498517	100.604691097358	79.8158610191315	59.6323843219079
rs17115	SNP	WIAF-2874	40	0.19	51246147	81.38	103.01	62.31	48601146	100.690268963249	79.9058259756323	59.7101223788379
rs1074075	SNP	rs1074075	108	0.25	51253765	81.38	103.01	62.31	48608764	100.697000976306	79.9124355033549	59.715951827616
rs806922	SNP	rs806922	35	0.07	51375411	82.41	103.01	63.26	48730410	100.792711537535	80.0143222449533	59.8066709466702
rs955771	SNP	rs955771	148	0.34	51674602	82.41	103.01	63.26	49029601	100.915613077658	80.182218833349	59.9754071667671
rs1508966	SNP	rs1508966	147	0.35	51703484	82.41	103.01	63.26	49058483	100.938382149166	80.2046963871825	59.9896683279593
rs768243	SNP	rs768243	250	0.48	51898292	82.41	103.01	63.26	49253291	101.102089587201	80.3599323771848	60.0843718712719
rs1598761	SNP	rs1598761	99	0.48	52072483	82.41	103.01	63.26	49427482	101.246063108502	80.50397975553	60.1744289228847
rs2045418	SNP	rs2045418	238	0.55	52103231	82.41	103.01	63.26	49458230	101.267013195881	80.5292342480702	60.1892978621051
rs1828096	SNP	rs1828096	133	0.34	52313270	82.41	103.01	63.26	49668269	101.36021110395	80.668422226418	60.2748726843795
D17S752	STS	UT7	688	0.73	52695311	82.41	103.01	63.26	50050309	101.928860663311	81.102859633202	60.3775231945433
rs1373154	SNP	rs1373154	68	0.15	52697313	82.41	103.01	63.26	50052312	101.931964505839	81.105208966454	60.3779840028023
rs1373155	SNP	rs1373155	93	0.46	52697573	82.41	103.01	63.26	50052572	101.932367602271	81.1055140746685	60.3780438480308
rs1025905	SNP	rs1025905	255	0.49	52704312	82.41	103.01	63.26	50059311	101.942843237093	81.1133637762385	60.3796665183513
D17S790	STS	AFM151XA11	880	0.77	52798864	82.41	103.01	63.26	50153847	102.088831481374	81.2232739971024	60.4031431148945
rs244340	SNP	rs244340	215	0.45	53199345	83.67	105.28	63.26	50554344	102.856093005476	81.7079799580327	60.4821303949327
D17S787	STS	AFM095TC5	160	0.82	53282084	83.67	105.28	63.26	50636883	103.045467251426	81.8096879412756	60.4937856485668
D17S1306	STS	GGAA25C02	90	0.92	53285855	83.67	105.28	63.26	50640854	103.054333480737	81.8140856126863	60.4943888986963
D17S2188	STS	D17S2188	26	0.46	53316386	83.67	105.28	63.32	50671385	103.117477461137	81.8490470311342	60.4980366282907
D17S1799	STS	AFMA216XE5	702	0.56	53440629	83.67	105.28	63.67	50795569	103.425131141676	82.0149499138319	60.5159858680201
rs1827929	SNP	TSC0570989	66	0.09	53757387	84.84	106.67	63.67	51112386	104.294810343643	82.503169994786	60.5973309468555
D17S1607	STS	AFMA046ZG1	107	0.62	53809816	84.84	106.67	63.67	51164577	104.455372833879	82.5975907981193	60.6246627051322
rs1863610	SNP	TSC0856130	92	0.12	53811998	84.84	106.67	63.97	51166997	104.462084129675	82.6014478655567	60.6259463216206
rs2033108	SNP	TSC1046225	168	0.35	53823872	84.84	106.67	63.97	51178871	104.498605635766	82.622437241703	60.632931501356
rs759109	SNP	rs759109	236	0.52	54408802	84.84	107.38	63.97	51763801	106.656401521265	83.936220935963	61.2707066552116
D17S669	STS	UT217	76	0.5	54545007	85.88	108.64	63.97	51899991	107.205760279207	84.2884778005337	61.4713594991932
rs963292	SNP	rs963292	204	0.5	54842555	86.04	108.95	63.97	52197554	108.456277615833	85.0961595926358	61.9689348365552
rs17202	SNP	WIAF-511	100	0.37	54859188	86.06	110.29	63.97	52214187	108.527449595186	85.1391046265344	61.9961770742249
rs759258	SNP	rs759258	238	0.32	55128548	86.74	110.29	65.01	52483547	109.707859353788	85.9455584748158	62.551282440899
rs4794692	SNP	rs4794692	250	0.32	55134982	86.74	110.29	65.01	52489981	109.736056218617	85.9651438531817	62.5664933693943
rs2058578	SNP	rs2058578	274	0.54	55179328	86.74	110.29	65.14	52534327	109.928262932881	86.0985170520022	62.6704119815194
rs724754	SNP	rs724754	214	0.53	55181346	87.86	111.58	65.15	52536345	109.937009452282	86.1045863054912	62.6751408806144
D17S957	STS	AFM323WD9	561	0.5	55473708	89.26	113.73	66.56	52828495	111.018155673086	86.8489093922882	63.1925881366273
D17S666	STS	UT214	66	0.63	55527591	89.26	113.73	66.56	52882425	111.211901214989	86.9826965548574	63.2871574741337
D17S1605	STS	AFM070YB11	493	0.43	55541189	89.26	113.73	66.56	52896032	111.260584442209	87.0152792654776	63.310117876303
D17S1853	STS	AFMB344WE1	114	0.73	55584509	89.26	113.95	66.56	52939400	111.401722069686	87.1150802125434	63.3769750267899
rs929648	SNP	TSC0254888	149	0.27	55585120	89.26	114.06	66.56	52940119	111.403555512325	87.1164427806411	63.3778471540901
D17S1606	STS	AFM338XG5	152	0.8	55603685	89.55	114.06	66.81	52958630	111.459263961758	87.1578438882252	63.4043464066748
rs1024819	SNP	TSC0248103	264	0.47	55607271	89.55	114.06	66.81	52962270	111.470024559639	87.1658408918232	63.4094649803224
rs1024821	SNP	TSC0248105	406	0.52	55607947	89.55	114.06	66.81	52962946	111.472053049368	87.1673484139738	63.4104298871227
D17S1160	STS	UT5608	700	0.65	55641002	89.55	114.06	66.81	52995888	111.572126090311	87.2392130745276	63.4587331849164
rs1974692	SNP	TSC0446627	119	0.29	55653436	89.55	114.06	66.81	53008435	111.609849653132	87.2660783595863	63.4770044596345
rs1017528	SNP	rs1017528	108	0.37	56012551	89.55	114.06	66.81	53367550	112.594709117422	87.957324999806	63.9270878936078
rs2585844	SNP	rs2585844	211	0.53	56015819	89.55	114.06	66.81	53370818	112.603287855555	87.9626485166217	63.9304586539222
D17S2184	STS	D17S2184	76	0.59	56186960	89.55	114.06	67.64	53541959	113.063716959135	88.2922056455186	64.1557420390185
D17S1161	STS	UT6104	230	0.75	56331419	91.1	116.1	67.71	53686266	113.524064086159	88.644446708879	64.4122993185817
D17S1290	STS	GATA49C09	143	0.85	56331449	91.1	116.1	67.71	53686448	113.524155830532	88.6445229794685	64.4123567157892
rs1037364	SNP	rs1037364	80	0.23	57438165	91.1	116.1	67.71	54792947	114.414496286446	89.4377824097608	64.9509210038715
rs9905730	SNP	rs9905730	201	0.38	57702853	91.1	116.1	67.71	55057635	114.503541953547	89.5296560182993	64.9922444938766
rs10853015	SNP	rs10853015	260	0.36	57778339	91.1	116.1	67.71	55133121	114.541960155243	89.5704761218273	65.0107453918148
rs1292061	SNP	rs1292061	247	0.6	57911230	91.1	116.1	67.71	55266012	114.654373215960	89.6519568064751	65.0618938839454
rs13137	SNP	rs13137	255	0.42	57919031	91.61	116.8	67.71	55273813	114.661228638462	89.6566363648812	65.0652857617112
D17S1604	STS	AFMA163TF9	169	0.91	57977507	91.67	116.81	67.71	55332260	114.708990567380	89.6945184782661	65.0920691352408
D17S916	STS	UT5239	868	0.91	58221490	91.67	116.81	68.43	55576230	114.962618964008	89.8748875998166	65.224394993276
D17S792	STS	AFM158XC3	372	0.36	58239779	91.67	116.81	68.43	55594526	114.982915009672	89.8886462868728	65.2347794915598
rs345182	SNP	TSC0874372	252	0.32	58240764	91.67	116.81	68.43	55595546	114.984008104154	89.8893872954982	65.2353387747797
D17S923	STS	AFM200VA9	538	0.52	58368823	91.67	116.81	68.43	55723602	115.125494396119	89.9923591157878	65.3065484194606
D17S1164	STS	UT7486	31	0.41	58664294	91.67	116.81	68.43	56019075	115.458938808466	90.2242152762594	65.485270839002
D17S1838	STS	AFMB048ZC1	858	0.68	59452498	92.31	118.05	68.43	56807190	116.618173115848	91.0410037311991	66.050860998306
rs1069	SNP	WIAF-1479	10	0.04	59574598	92.75	118.42	68.87	56929380	116.801880267748	91.1776086851487	66.149424006666
rs1860414	SNP	rs1860414	248	0.47	59642785	93.16	118.72	69.3	56997567	116.902149500484	91.2529999447279	66.2006157938384
rs725900	SNP	rs725900	284	0.46	59674303	93.16	118.72	69.3	57029085	116.948490996192	91.2870803799182	66.2242979722084
D17S917	STS	UT1514	22	0.41	59722291	93.16	118.72	69.3	57077069	117.018932656176	91.3378257622107	66.260538749236
D17S1855	STS	AFMB354WE1	945	0.82	59735852	93.16	118.72	69.3	57090633	117.038591662369	91.352602950597	66.2708334793412
rs1557720	SNP	rs1557720	283	0.47	59786374	93.16	118.72	69.34	57141156	117.111395133607	91.4092038780236	66.3091780237111
rs1978244	SNP	rs1978244	18	0.65	59875925	93.23	119	69.34	57230707	117.237525638569	91.5044302733956	66.3762632770664
D17S1811	STS	AFMA290WE1	120	0.6	60210574	93.48	120.04	69.34	57565216	117.685322645560	91.8552008260623	66.61963382535
rs1960286	SNP	rs1960286	90	0.41	60379527	93.51	120.09	69.41	57734309	117.909590580298	92.0349757920512	66.7317936150671
D17S808	STS	AFM238YF8	681	0.6	60672115	94.04	120.09	69.74	58025830	118.298920859822	92.3601493409707	66.9370267312032
D17S1835	STS	AFMB035XC5	124	0.75	60746405	94.37	120.44	69.97	58100135	118.400692184510	92.4414533654804	66.9919785225966
D17S794	STS	AFM168XD12	822	0.58	60817252	94.45	120.49	70.05	58170963	118.498990899173	92.516000596261	67.046783894996
D17S924	STS	AFM203WH4	808	0.69	60936990	94.45	120.49	70.05	58290508	118.652899532573	92.648338910202	67.1375053928603
D17S1154	STS	UT1443	86	0.66	60942083	94.45	120.49	70.05	58295808	118.658028899531	92.6534850342276	67.1415718826152
D17S948	STS	AFM291VE9	133	0.83	60989394	94.45	120.49	70.05	58342994	118.705653108219	92.7030931403456	67.1794237885975
D17S944	STS	AFM277VG9	1008	0.76	61436306	94.78	120.49	70.66	58789905	119.136360376903	93.1163898517909	67.5102583638716
rs4309	SNP	WIAF-1325	119	0.53	61559923	95.17	121.41	70.66	58913655	119.253658779267	93.2195756080587	67.5911031044099
rs4353	SNP	rs4353	215	0.45	61570422	95.17	121.41	70.66	58924154	119.264259412618	93.228646184307	67.5981672354374
rs1043127	SNP	rs1043127	262	0.51	61791210	95.17	121.41	70.66	59144942	119.490613896842	93.417100815702	67.7258058429225
rs9207	SNP	rs9207	262	0.51	61823899	95.17	121.41	70.66	59177631	119.522667993433	93.4451083915072	67.7450107920537
D17S701	STS	UT402	82	0.65	61990025	95.17	121.41	70.66	59343718	119.665459069521	93.5815200845557	67.8418271488385
D17S1297	STS	ATA8B07	637	0.56	62214217	95.26	121.41	70.66	59567898	119.909882903997	93.7517290802804	67.9388436005374
rs17072	SNP	WIAF-1138	114	0.47	62400000	95.96	122.15	70.81	59753732	120.169644851289	93.9073164465182	67.9861575596203
rs1991403	SNP	TSC0856462	57	0.07	62613291	95.96	122.15	71.17	60043753	120.500855946807	94.0903817013287	68.0287058435647
rs1991402	SNP	TSC0856461	25	0.06	62613330	95.96	122.15	71.17	60043792	120.500913538507	94.0904157694394	68.0287133591811
rs753917	SNP	TSC0143579	355	0.41	62673136	95.96	122.15	71.17	60103598	120.594706961272	94.1415749701175	68.0415084817633
D17S1809	STS	AFMA275ZH9	492	0.7	62697450	95.96	122.15	71.17	60127853	120.631757236626	94.1625207562903	68.0467424582796
D17S1825	STS	AFMB007YD5	791	0.69	63027947	95.96	122.15	71.17	60458407	121.138656162086	94.4489433501095	68.1235429965477
D17S1792	STS	AFMA137XH5	585	0.46	63059538	95.96	122.15	71.17	60489934	121.185268955830	94.4753982174335	68.1308957530127
rs894582	SNP	TSC0167158	360	0.42	63073356	95.96	123.79	71.17	60503818	121.204075857907	94.4850866851153	68.1354374029696
rs7591	SNP	rs7591	224	0.42	63525082	95.98	123.79	71.17	60955544	121.826942686734	94.8428291267774	68.3205214233118
rs2107654	SNP	rs2107654	199	0.41	63633073	97.35	124.82	71.17	61063535	121.982445714472	94.9398702861825	68.383544756865
D17S1882	STS	AFMA102ZE9	119	0.68	63912327	97.35	124.82	71.17	61342760	122.432400508277	95.2235095573672	68.56302018438
D17S113	STS	VAW140	145	0.42	63959720	97.35	124.82	71.17	61390181	122.514029665394	95.2747639410979	68.5988427971959
rs1391	SNP	WIAF-3343	10	0.1	63982072	97.35	124.82	71.17	61412534	122.552505818256	95.299514186965	68.6162639833751
rs230572	SNP	rs230572	157	0.45	64148359	97.35	124.82	71.17	61578821	122.844501265914	95.5128143566472	68.7616391811993
D17S1874	STS	AFMA051XG5	727	0.7	64196923	97.35	124.82	71.17	61627274	122.937368558203	95.5860727024954	68.8129545452445
D17S1819	STS	AFMA339YC9	97	0.76	64250719	97.35	125.05	71.92	61681180	123.048484445935	95.6654042761436	68.8702796127529
rs11654719	SNP	rs11654719	298	0.48	64340380	97.35	125.05	71.92	61770842	123.215971895454	95.7997590541717	68.9681062427958
D17S1816	STS	AFMA310ZE5	737	0.83	64420637	97.71	125.05	72	61851031	123.367113508376	95.9189007996918	69.0521037507792
D17S942	STS	AFM269YF1	809	0.66	64489334	97.71	125.05	72	61919590	123.511771840853	96.0295687983638	69.1303358920863
rs908150	SNP	rs908150	257	0.48	64536433	97.83	125.05	72.69	61966895	123.60532192537	96.1062313642069	69.1858484410178
D17S1291	STS	GCT1E1	72	0.36	64650506	97.83	125.05	72.69	62080935	123.820651911290	96.2879094544188	69.3238782114725
rs721429	SNP	rs721429	223	0.46	64691905	97.83	125.05	72.69	62122367	123.895316386716	96.3546976331835	69.3723544086912
D17S807	STS	AFM234XC9	131	0.79	64858972	97.83	125.05	72.69	62289388	124.220094305564	96.627394241881	69.5838199592448
D17S598	STS	UT139	11	0.12	64916333	97.93	125.43	72.69	62346794	124.332690219585	96.7233821848754	69.6636239880778
rs740558	SNP	rs740558	206	0.38	65020212	98.17	125.8	72.69	62450674	124.533271292097	96.899158535066	69.8123898200049
rs720059	SNP	rs720059	192	0.53	65082117	98.17	125.8	72.69	62512579	124.664516270622	97.0047684085684	69.8981918478915
D17S1821	STS	AFMA351ZC9	825	0.76	65285512	99.32	127.39	72.99	62715930	125.086816848815	97.3609884614313	70.1993464889068
D17S1531	STS	D17S1531	95	0.89	65347483	99.32	127.39	73.32	62777944	125.234859090738	97.471600112975	70.2838097909107
D17S1813	STS	AFMA300XA5	135	0.85	65486087	100.18	127.8	73.32	62916450	125.567689692964	97.723832924834	70.4788215390113
D17S1870	STS	AFM323TB1	107	0.7	65579968	100.39	128.89	73.32	63010402	125.791153669379	97.8865507522548	70.6123559026204
rs1318	SNP	WIAF-2541	123	0.41	65691382	100.46	128.89	73.68	63121844	126.046463003026	98.102579190531	70.7768910048774
rs10445209	SNP	rs10445209	323	0.47	66314827	100.8	128.89	74.66	63826422	127.607385625143	99.2845189712645	71.5585317603278
rs1112737	SNP	rs1112737	203	0.46	66428608	101.28	129	74.66	63940203	127.785077852603	99.455008071048	71.7138653980406
D17S2193	STS	ATA43A10	712	0.75	66547762	101.31	129.81	74.66	64059279	127.917775083069	99.6111545877257	71.8738817323924
D17S789	STS	AFM107YB8	965	0.8	66628565	101.44	130.06	74.66	64140109	128.036469659150	99.7322156323678	71.984819381046
D17S795	STS	AFM175XG3	503	0.81	66678207	101.44	130.06	74.66	64189771	128.122725342706	99.8087952638213	72.0535437576683
rs872387	SNP	rs872387	163	0.35	66702344	101.44	130.06	74.66	64213939	128.159603567941	99.8458617594464	72.0868557480613
rs872386	SNP	rs872386	231	0.48	66702640	101.44	130.06	75.52	64214235	128.160055817793	99.84631631812	72.0872642639977
rs755424	SNP	rs755424	127	0.39	66780395	101.44	130.06	75.52	64291990	128.289048895539	99.9609942193082	72.1941615502334
rs764426	SNP	rs764426	221	0.4	66968082	102.15	130.73	75.52	64479677	128.601521065113	100.238089568872	72.454649407056
D17S940	STS	AFM268YD5	736	0.53	67078373	102.15	130.73	75.52	64589956	128.788267742463	100.412017853123	72.6063317470338
D17S2182	STS	D17S2182	819	0.75	67139699	102.15	130.73	75.52	64651293	128.914855952148	100.526661586274	72.6902535480067
rs707246	SNP	rs707246	133	0.31	67403192	102.92	130.73	76.05	64914787	129.529703717561	101.011839814651	73.0496850542452
D17S1786	STS	AFMA112YB5	141	0.73	67494737	102.92	130.73	76.05	65006185	129.744449476495	101.194665594982	73.1742617598265
rs763698	SNP	rs763698	168	0.45	67636858	102.92	131.68	76.05	65148453	130.106031000932	101.465543774762	73.3667242528286
rs1858964	SNP	rs1858964	125	0.44	67876646	102.92	131.68	76.05	65388241	130.658488167990	101.887496842786	73.6962773419326
D17S1295	STS	ATA22D07	254	0.3	68013969	103.79	131.81	77.41	65525564	130.943841483727	102.129635692408	73.8866709591376
rs236558	SNP	rs236558	192	0.48	68250436	104.75	133.87	77.41	65762031	131.361148067076	102.496657297165	74.2363869888228
rs1396514	SNP	rs1396514	216	0.37	68431026	104.75	133.87	77.41	65942621	131.678567323840	102.786961478102	74.511485831261
D17S949	STS	AFM292VH9	917	0.84	68465446	104.75	133.87	77.41	65976926	131.741678848231	102.839907192842	74.5665376183248
D17S2059	STS	D17S2059	724	0.59	68500970	104.75	133.87	77.41	66012503	131.806150146100	102.892731280672	74.625404931177
rs16913	SNP	WIAF-2760	77	0.27	68537347	104.75	133.87	77.41	66048942	131.853481989859	102.948217921946	74.6857977272243
rs411602	SNP	TSC0761107	225	0.42	68539577	104.75	133.87	77.41	66051172	131.856280858649	102.951627051173	74.6895005701345
rs1431454	SNP	rs1431454	278	0.48	68578940	104.75	133.87	77.73	66090535	131.910182250397	103.012502159937	74.7549199706896
rs720876	SNP	rs720876	22	0.37	68592328	104.75	133.87	77.73	66103923	131.929846155575	103.033413582721	74.7771874692005
rs1872599	SNP	TSC0875110	64	0.12	68594232	104.75	133.87	77.73	66105827	131.932642695421	103.036387540667	74.780354284047
rs1860316	SNP	TSC0849408	384	0.45	68606316	105.02	134.18	77.73	66117911	131.950391323310	103.055262177128	74.8004529135665
D17S840	STS	AFM207VF4	516	0.56	68608123	105.02	134.18	77.73	66119672	131.953045392376	103.058084625661	74.803458393833
rs1981647	SNP	rs1981647	278	0.48	68621193	105.02	134.18	77.73	66132788	131.972385262233	103.079669710909	74.8250872443979
D17S1350	STS	AFM189YB8	764	0.68	69088763	105.5	134.18	78.61	66600356	132.527141334859	103.794680167167	75.6329895711298
rs723338	SNP	rs723338	163	0.47	69145413	105.5	134.18	78.61	66657008	132.560217448692	103.878373316903	75.7304365261896
rs725543	SNP	rs725543	71	0.24	69336690	105.5	134.34	78.61	66848285	132.619215496864	104.108146785685	76.0427545083286
rs2017682	SNP	rs2017682	49	0.08	69428504	105.5	134.34	78.61	66940099	132.642175825119	104.214905231729	76.1948893153626
rs1990222	SNP	rs1990222	36	0.07	69441277	105.5	134.34	78.61	66952872	132.646321131366	104.230909832616	76.2145710379342
D17S1304	STS	GATA69E11	765	0.58	69461340	105.82	134.38	79.44	66972935	132.652832309574	104.256048821702	76.2454858112806
rs768144	SNP	rs768144	121	0.33	69479301	105.82	134.38	79.5	66990896	132.659402293889	104.278174830973	76.273475089549
D17S1534	STS	GATA63G01	100	0.69	69897628	107.51	134.38	80.33	67409223	133.236075598632	104.871216840933	76.7962016155211
rs3744316	SNP	rs3744316	309	0.45	70030138	107.51	135.8	80.33	67541733	133.558909162937	105.116482259722	76.9489642674792
rs2287131	SNP	rs2287131	277	0.5	70106227	107.51	135.8	80.33	67617822	133.756802743336	105.268829716175	77.0404100146524
rs11077595	SNP	rs11077595	246	0.49	70130030	107.51	135.8	80.33	67641625	133.818482840718	105.315560057864	77.0673097784803
rs1010045	SNP	rs1010045	94	0.23	70290088	107.51	135.8	80.33	67801683	134.317705137877	105.663106857912	77.2532955201572
D17S1797	STS	AFMA202XD1	736	0.65	70525831	107.56	136.82	80.33	68037332	135.360658684299	106.348441951484	77.6428564805853
D17S1826	STS	AFMB008YG1	184	0.43	70535223	107.56	136.82	80.33	68046801	135.406050501498	106.378231201542	77.6610830186628
rs917872	SNP	rs917872	251	0.42	70570494	107.56	136.82	80.33	68082089	135.571473408301	106.486233985492	77.7233589996383
rs718072	SNP	rs718072	87	0.26	70584327	107.56	136.82	80.33	68095922	135.634258315264	106.526986447735	77.7452217695455
D17S1351	STS	AFMA346XG5	974	0.81	70672152	107.81	137.26	80.33	68183641	136.040825573622	106.783859727438	77.8821242614061
D17S1848	STS	AFMB319XC9	424	0.51	70863820	108.21	137.94	80.33	68375285	137.027527379803	107.394913166976	78.1880322934134
D17S692	STS	UT266	40	0.62	70896076	109.09	138.99	80.78	68407670	137.209325054583	107.510043442495	78.2477784551042
rs903107	SNP	rs903107	237	0.46	71061934	110.59	140.98	81.46	68573529	138.199053403729	108.128122342250	78.5478708818015
rs1466114	SNP	rs1466114	240	0.48	71227551	110.59	140.98	81.46	68739146	139.224941444742	108.810485827809	78.8812606383313
D17S602	STS	UT142	367	0.44	71234967	110.59	140.98	81.46	68746426	139.272250588466	108.841025009959	78.8962820360438
rs536	SNP	WIAF-2560	161	0.5	71279856	110.59	140.98	81.46	68791451	139.551978673198	109.027304373492	78.9874304194836
D17S757	STS	UT76	368	0.67	71295545	110.59	140.98	81.51	68807139	139.647965125896	109.092792904032	79.0193474823962
D17S515	STS	D17S515	831	0.84	71306845	110.59	140.98	82.72	68818439	139.717099354685	109.139961008761	79.0423357423816
D17S617	STS	UT156	526	0.43	71316824	110.59	140.98	82.72	68828386	139.781834677971	109.182564139695	79.0626234923523
D17S1862	STS	AFMC001YC9	141	0.9	71326581	110.59	140.98	82.72	68838158	139.845792430064	109.224390232616	79.0824575459544
D17S1831	STS	AFMB021YF9	167	0.86	71500289	110.59	140.98	82.72	69011859	141.061839678307	109.99582045939	79.4308344089812
rs1872085	SNP	TSC0873977	268	0.5	71528080	112.7	143.4	82.74	69039675	141.249107521005	110.116745130145	79.4856109799149
rs1872087	SNP	TSC0873979	250	0.48	71536725	112.7	143.4	82.74	69048320	141.308822391607	110.152653889540	79.5035152987072
rs2019877	SNP	rs2019877	201	0.47	71759960	112.7	144.56	82.74	69271555	142.753326566524	111.105730342644	79.9696561121453
D17S1829	STS	AFMB016XC1	97	0.63	71767329	112.7	144.56	82.74	69278807	142.798865420135	111.135952894404	79.9840988678434
D17S1352	STS	AFMA247ZG9	607	0.77	71998011	112.7	144.56	82.74	69509435	144.142970506402	111.975869671978	80.3642579753873
D17S1864	STS	AFMC008WE1	688	0.71	72033650	113.45	145.74	82.74	69545054	144.324107052697	112.085216454206	80.4209659259583
rs16907	SNP	WIAF-3074	76	0.42	72159696	114.57	147.26	83.02	69671291	144.972705108873	112.404931174421	80.6066361465052
rs17153	SNP	rs17153	84	0.46	72159822	114.57	147.26	83.74	69671417	144.973350407887	112.405242904353	80.6068038101719
D17S1602	STS	AFMA133YG9	494	0.54	72211284	114.57	147.26	83.89	69722837	145.224382954051	112.551719352921	80.6797363840223
D17S929	STS	AFM074ZF7	756	0.64	72240910	114.57	147.26	83.89	69752429	145.361081423686	112.639221636540	80.7190618134996
D17S597	STS	UT138	348	0.52	72247343	114.67	147.44	83.89	69758852	145.389654123612	112.658224317569	80.7269449647831
rs17882048	SNP	rs17882048	255	0.49	72285331	114.67	147.44	83.89	69796926	145.554624998398	112.768607652639	80.7734880217855
rs2290956	SNP	rs2290956	260	0.49	72305688	114.67	147.44	83.89	69817283	145.632649948727	112.822700291809	80.7984064499681
D17S1807	STS	AFMA247XC5	1064	0.88	72360592	114.79	147.7	83.89	69872132	145.825910636541	112.960480237775	80.8670873945326
D17S1536	STS	D17S1536	63	0.52	72558283	114.94	148.02	83.89	70069878	146.412276553291	113.386396176541	81.0903910985767
D17S1535	STS	D17S1535	591	0.77	72561441	115.15	148.66	83.89	70072906	146.421119806030	113.393540866824	81.0936975883682
D17S968	STS	GATA10F10	91	0.57	72604333	115.15	148.66	83.89	70115906	146.541595798597	113.490089479980	81.1387308987699
D17S1301	STS	GATA28D11	797	0.65	72680935	115.46	148.66	84.23	70192380	146.765334537671	113.633831516188	81.2254111380025
rs690046	SNP	rs690046	148	0.35	72852176	115.46	148.66	84.23	70363771	147.102047766496	113.867340364317	81.4065762357736
D17S650	STS	UT187	310	0.33	73208145	115.46	148.66	84.23	70719709	147.571905585184	114.259513011835	81.7274686907041
rs1871269	SNP	rs1871269	201	0.36	73220999	115.72	148.66	84.9	70732594	147.587815530349	114.272509095241	81.7371920845912
rs9988	SNP	rs9988	161	0.25	73230856	115.72	148.66	84.9	70742451	147.600015960526	114.282475050908	81.7446484011888
rs8081778	SNP	rs8081778	136	0.23	73312272	116.58	149.86	84.94	70823867	147.696977676458	114.356480447617	81.80047154378
rs3687	SNP	rs3687	6	0.05	73772590	116.7	150.3	84.94	71284185	148.308534180800	114.853652582643	82.1271772492057
D17S1839	STS	AFMB054ZF9	822	0.67	73801863	116.76	150.48	84.94	71313393	148.364592045691	114.892954475436	82.1466645286737
rs3682	SNP	WIAF-2445	189	0.62	73942150	116.76	150.51	84.94	71453745	148.637369395973	115.124128111617	82.2969064912818
D17S1603	STS	AFMA135XD5	845	0.66	74066838	117.1	150.74	85.5	71578402	148.919393028793	115.362682164774	82.4805415746808
rs2250081	SNP	rs2250081	326	0.51	74090700	117.1	150.74	85.5	71602295	148.976725727159	115.410239838248	82.521686905669
rs2122666	SNP	TSC1128494	262	0.31	74121070	117.23	150.96	85.5	71632665	149.049611682913	115.470639262550	82.5724915426363
rs1465960	SNP	TSC0381413	299	0.38	74139264	117.57	151.16	86.03	71650859	149.093141946392	115.506615900281	82.6004140532913
rs894544	SNP	TSC0167107	105	0.14	74151456	117.6	151.16	86.03	71663051	149.122312055897	115.53072424189	82.619125235544
D17S785	STS	D17S785	1341	0.8	74431373	117.77	151.47	86.03	71942894	149.874209065794	116.182402458173	83.1817677343768
rs1000821	SNP	rs1000821	230	0.46	74434003	117.77	151.47	86.03	71945598	149.881450190034	116.189847446029	83.1889328087282
D17S1817	STS	D17S1817	998	0.79	74482093	117.77	151.47	86.03	71993661	150.039620732329	116.335955925737	83.330331369153
D17S801	STS	AFM203XG5	159	0.84	74506659	117.77	151.47	86.03	72018241	150.122576341916	116.410647330030	83.402283407922
rs1860350	SNP	TSC0849489	78	0.12	74609567	117.77	151.47	86.03	72121162	150.449347784591	116.714277432778	83.6907454593995
rs717571	SNP	rs717571	238	0.58	74620823	117.83	151.49	86.03	72132418	150.486425847570	116.746676468941	83.7212069287151
D17S2192	STS	D17S2192	263	0.24	74638247	118.2	152.18	86.03	72149787	150.543821740367	116.796829347949	83.7683605038178
rs719430	SNP	rs719430	193	0.52	74639530	118.2	152.18	86.03	72151125	150.548048033438	116.800522308449	83.771832613371
rs2410994	SNP	TSC1654927	207	0.48	74642646	118.2	152.18	86.03	72154241	150.558312358619	116.809491338006	83.7802652660352
D17S751	STS	UT69	64	0.7	74935078	120.1	153.93	88.3	72446672	151.397146857033	117.659624924133	84.591374551591
D17S722	STS	UT40	100	0.75	74997253	120.1	153.93	88.3	72508832	151.592306030184	117.851888191067	84.7821043675778
rs2247814	SNP	rs2247814	381	0.51	75085260	120.1	153.93	88.3	72596855	151.879565704908	118.142030534617	85.064581655972
D17S705	STS	UT27	22	0.44	75288701	120.28	154.26	88.42	72800295	152.535553041118	118.733896865237	85.6297530410398
D17S1790	STS	AFMA134WA9	125	0.69	75297293	120.52	154.44	88.65	72808887	152.562270700498	118.758786671108	85.6539106794201
rs11077898	SNP	rs11077898	268	0.47	75306521	120.52	154.44	88.65	72818116	152.591066789264	118.787801009629	85.682002531939
rs1436138	SNP	rs1436138	322	0.56	75316880	120.52	154.44	88.65	72828475	152.623424002715	118.821092456	85.7142154219335
D17S937	STS	AFM107YE3	945	0.78	75347271	120.52	154.44	88.65	72858853	152.718352863994	118.918762148700	85.8087208703186
rs3650	SNP	WIAF-2413	164	0.56	75415835	120.52	154.44	88.65	72927430	152.948177103355	119.145749755821	86.0288259177836
D17S939	STS	AFM267XH1	154	0.82	75462108	120.52	154.44	88.65	72973702	153.102537135023	119.300725762817	86.1801234990134
rs16848	SNP	WIAF-2858	111	0.49	75663256	123	157.02	90.94	73174851	153.785232499083	119.917251328022	86.7806399564036
D17S2195	STS	D17S2195	475	0.52	75892330	123	157.02	90.94	73403902	154.507726509187	120.638165995328	87.4661153790224
rs3644	SNP	WIAF-2407	26	0.18	76162134	123	157.02	90.94	73673729	155.418515256067	121.557112883833	88.2839932525616
rs3642	SNP	WIAF-2405	87	0.41	76162178	123	157.02	90.94	73673773	155.418668170320	121.557271986559	88.2841291688144
rs1042489	SNP	rs1042489	331	0.57	76220206	123	157.02	90.94	73731801	155.628385890702	121.772137704730	88.4814522444701
D17S802	STS	AFM210XA5	692	0.82	76234610	123	157.02	90.94	73746120	155.682167456411	121.826853664153	88.5333456581158
rs1109279	SNP	rs1109279	220	0.41	76248130	123	157.02	90.94	73759725	155.732648348413	121.878211604406	88.5820542774222
D17S674	STS	UT221	452	0.64	76308354	123	157.02	90.94	73819793	155.958939764152	122.111911123682	88.8028905850276
rs7208516	SNP	rs7208516	337	0.53	76318682	123	157.02	90.94	73830277	155.997887618535	122.152473904271	88.8411429288322
rs894976	SNP	rs894976	241	0.44	76485661	125.03	158.64	93.52	73997256	156.618559201556	122.807037271600	89.493920528634
rs1552173	SNP	rs1552173	193	0.47	76718842	125.89	160.21	93.52	74230437	157.473179559440	123.868949542753	90.6736671532057
D17S1847	STS	AFMB310YF5	650	0.59	77024861	126.66	160.21	94.71	74536302	158.729790588945	125.588478466406	92.8352210432303
rs2612773	SNP	rs2612773	294	0.56	77115387	127.46	161.04	95.56	74626982	159.067442281774	126.070208379383	93.448556663157
rs2007979	SNP	rs2007979	66	0.18	77123649	127.46	161.04	95.56	74635244	159.098756961429	126.112238405737	93.5058565340166
D17S836	STS	AFM163YG1	662	0.63	77299839	127.67	161.04	96.03	74811433	159.688179037969	126.996562518171	94.7048642960747
rs897597	SNP	TSC0171820	32	0.04	77322109	129.19	162.17	96.03	74833704	159.756818207606	127.104150848	94.8530732464806
D17S1806	STS	AFMA238YB5	142	0.76	77445675	129.19	162.17	98.02	74957126	160.122266276857	127.692006756613	95.6751691639392
rs884022	SNP	TSC0022839	415	0.52	77453793	129.19	162.37	98.02	74965388	160.145260783381	127.730244889931	95.7293031868429
rs938283	SNP	TSC0357388	169	0.27	77468498	129.19	162.37	98.02	74980093	160.185341306917	127.798877421305	95.8265616948708
D17S1822	STS	AFMA353YG1	675	0.65	77781033	131.54	163.09	102.04	75395457	161.039781472104	129.336695085343	98.0343646490417
D17S1830	STS	AFMB019ZG5	123	0.82	77795969	131.54	163.09	102.04	75410563	161.083594976051	129.402144825068	98.1349865566664
D17S784	STS	AFM044XG3	944	0.76	77802268	131.54	163.09	102.04	75416715	161.102072564519	129.429747122238	98.1774221080943
D17S914	STS	UT962	171	0.8	77958019	133.16	163.78	104.3	75572613	161.469854720593	130.140404648638	99.2771182439386
rs11150847	SNP	rs11150847	325	0.55	78153130	133.16	163.78	104.3	75767725	161.850486006394	130.975732432156	100.647086020827
rs12942462	SNP	rs12942462	253	0.39	78215566	133.9	164	105.48	75830161	161.935867482708	131.212681274428	101.050513317563
rs734338	SNP	rs734338	243	0.48	78782340	133.9	164	105.48	76396935	162.526668292006	133.146591420553	104.482243678339
rs868432	SNP	rs868432	299	0.51	78877735	135.16	164	108.36	76492330	162.569470163709	133.412913994557	105.004773632402
rs7210438	SNP	rs7210438	197	0.33	79060180	135.16	164	108.36	76674775	162.646899639669	133.893794331564	105.973241993135
rs2279913	SNP	rs2279913	266	0.49	79168268	135.16	164	108.36	76782863	162.688858042638	134.185388432229	106.514333031920
rs3432	SNP	rs3432	77	0.41	79617534	137.19	164.36	112.53	77227939	162.841115562609	135.250966068123	108.596336649230
D17S668	STS	UT216	687	0.81	80028021	137.73	164.36	113.73	77621252	162.943824968261	136.001677466257	110.242985169602
rs7502676	SNP	rs7502676	257	0.53	80093433	137.73	164.36	113.73	77686722	162.957094001886	136.103072275297	110.480159420023
D17S928	STS	AFM217YD10	990	0.8	80252880	138.2	164.36	114.64	77846127	162.984430751201	136.328191915005	111.036777722771
D17S623	STS	UT161	33	0.3	80608628	138.2	164.36	115	78201916	163.027633880934	136.714384333268	112.128382683465
rs1046875	SNP	rs1046875	253	0.42	80685426	138.69	164.72	115.37	78278715	163.035960545066	136.779843377868	112.341580563095
rs1046896	SNP	rs1046896	253	0.42	80685533	138.69	164.72	115.37	78278822	163.035971821971	136.779931716411	112.341867056559
rs733342	SNP	rs733342	171	0.39	80822080	138.69	164.72	115.37	78415369	163.094162931339	136.876213052614	112.692820586159
rs898098	SNP	rs898098	263	0.45	80904564	138.69	164.72	115.37	78497853	163.2607447357	136.924408569517	112.891215572401
rs17885612	SNP	rs17885612	255	0.41	80960080	138.69	164.72	115.37	78553369	163.372862909538	136.956644888952	113.017847448421
rs3935099	SNP	rs3935099	291	0.48	81016049	138.69	164.72	115.37	78609338	163.485895946349	137.032617423366	113.097826273643
