Markers_name	Type	Alias	Informative_meioses	Heterozygosity	Build37_map_physical_position	Sex.averaged_map_position	Female_map_position	Male_map_position	Build36_map_physical_position	Female_map_position_smoothed	Sex.averaged_map_position_smoothed	Male_map_position_smoothed
rs545684	SNP	rs545684	177	0.47	159382	0	0	0	149382	0	0	0
rs948263	SNP	rs948263	225	0.44	165503	0	0	0	155503	0.0118972400056473	0.0102236567562371	0.00874222534337826
rs527283	SNP	rs527283	275	0.54	302224	0	0	0	292224	0.277638548748027	0.516140943324024	0.914416094358194
rs721241	SNP	rs721241	230	0.39	342424	0.59	0	0	332424	0.355774318757342	0.69561229144778	1.26943748439177
rs722725	SNP	rs722725	159	0.36	415105	0.61	0	1.22	405105	0.497042624728662	1.01069121850925	1.88286979470632
rs1940437	SNP	rs1940437	112	0.28	415259	0.61	0	1.22	405259	0.497341950812778	1.01135320138780	1.88414777740832
rs1940436	SNP	rs1940436	170	0.35	415401	0.61	0	1.22	405401	0.497617952786442	1.01196360118489	1.88532617704263
rs486633	SNP	rs486633	190	0.35	565760	1.67	0	3.07	555760	0.74081254542878	1.60626254443089	3.07222170806961
rs589273	SNP	rs589273	237	0.46	565844	1.67	0	3.07	555844	0.740818317754049	1.60658300129632	3.07284985424473
rs518471	SNP	rs518471	285	0.39	618124	2.18	0	4.09	608124	0.744136492252659	1.80372588986188	3.460918811957
D18S1140	STS	AFM287WE1	462	0.41	625321	2.18	0	4.09	615310	0.74458505519937	1.83029276330735	3.51294664260787
rs3016816	SNP	rs3016816	295	0.57	629239	2.37	0	4.49	619239	0.744826826566976	1.84447856065378	3.54057745855798
rs7237052	SNP	rs7237052	298	0.47	642678	2.37	0	4.49	632678	0.745656118401909	1.89313678692706	3.63535299085854
D18S59	STS	AFM178XC3	993	0.78	646461	2.37	0	4.49	636459	0.745889559209376	1.90683379340014	3.66203174959751
D18S1372	STS	D18S1372	121	0.89	909696	2.37	0	4.49	899696	0.760793099318985	2.75923324183628	5.34332706697821
rs1557299	SNP	rs1557299	222	0.43	931661	2.66	0	5.05	921661	0.761985005215995	2.82247613164909	5.46958667084613
rs9303777	SNP	rs9303777	305	0.47	1297985	4.11	0	7.89	1287985	0.782225027348725	3.67767148235083	7.18897315907102
rs1395952	SNP	rs1395952	290	0.47	1367453	4.11	0	7.89	1357453	0.786643907420643	3.80770515825406	7.42811800824927
rs969241	SNP	rs969241	278	0.53	1411308	4.11	0	7.89	1401308	0.789446357147913	3.87540608974869	7.56082717211525
rs1549094	SNP	rs1549094	184	0.48	1577409	4.11	0	7.89	1567409	0.802499169043469	4.10927494905152	8.00126744851276
rs1371271	SNP	rs1371271	108	0.25	1757847	4.11	0	7.89	1747847	0.821605696143487	4.46581316307318	8.66124161977048
rs1371267	SNP	rs1371267	43	0.13	1758001	4.11	0	7.89	1748001	0.821627605509451	4.46617924544114	8.66191028096449
rs722852	SNP	rs722852	49	0.14	1765640	4.11	0	7.89	1755640	0.822714395422416	4.48433835718688	8.6950784813611
rs722853	SNP	rs722853	56	0.15	1765654	4.11	0	7.89	1755654	0.822716387182958	4.48437163740214	8.69513926874238
rs1371264	SNP	rs1371264	202	0.43	1775084	4.11	0	7.89	1765084	0.824057980176708	4.50678823954409	8.73608391198626
rs1439433	SNP	TSC0657496	342	0.44	1831299	4.7	0	9.07	1821299	0.832646179114039	4.64137357112764	8.98799361066475
D18S1105	STS	AFM182XG5	93	0.47	1833900	4.7	0	9.07	1823868	0.833070199321718	4.64764370125420	9.0000024142746
rs1439429	SNP	TSC0657489	253	0.35	1842204	4.7	0	9.07	1832204	0.834423933963996	4.66766183296162	9.03834193952493
rs1397057	SNP	rs1397057	174	0.48	1974315	4.81	0	9.14	1964315	0.872330547841778	5.00162733916099	9.64019510112025
D18S818	STS	UT7162	54	0.46	1985920	4.81	0	9.14	1975889	0.878693192212425	5.03695506660840	9.70171423346962
D18S1146	STS	AFM094TH3	575	0.46	2007256	4.81	0	9.14	1997255	0.890391027653366	5.10190572518816	9.8148182582698
D18S476	STS	AFM299YF1	483	0.71	2177865	5.3	0.55	9.95	2167795	1.01824210840683	5.64548930563457	10.8051888430898
rs1402183	SNP	rs1402183	202	0.47	2522159	7.75	0.55	14.45	2512159	1.39959967515513	7.20746902299522	13.5788145780485
rs770238	SNP	rs770238	166	0.43	2527968	7.75	0.55	14.45	2517968	1.40627475436082	7.23480374859981	13.6259170317418
rs12456967	SNP	rs12456967	278	0.45	2774227	7.75	0.55	14.45	2764227	1.69547707683869	8.26111235231727	15.4281822413508
rs12457639	SNP	rs12457639	256	0.37	2781208	7.75	0.55	14.45	2771208	1.70295856219446	8.28718175536656	15.4725477910191
rs894761	SNP	rs894761	242	0.45	2856482	8.18	1.46	15.02	2846482	1.80148406692998	8.53006822935831	15.8932005130737
D18S1098	STS	AFMA175YE9	621	0.56	2869699	8.18	1.46	15.02	2859596	1.82370706118519	8.57248434628957	15.9619965909531
rs583523	SNP	rs583523	295	0.44	2874156	8.18	1.46	15.02	2864156	1.83120103753348	8.58678779133478	15.9851958130994
rs1985	SNP	WIAF-1505	110	0.48	2917223	9.31	1.46	16.64	2907223	1.91754597110242	8.72808050781113	16.2033715791833
rs627538	SNP	rs627538	247	0.45	2941450	9.41	1.46	17.08	2931450	1.97067341725813	8.80857248298366	16.3258385490247
rs643015	SNP	rs643015	255	0.45	2952988	9.41	1.46	17.08	2942988	1.99849473310866	8.8474649209304	16.3845109079233
D18S481	STS	AFM321XC9	599	0.74	3066179	9.41	1.46	17.08	3056132	2.28261317817856	9.25266498326418	16.9453179409801
rs729673	SNP	TSC0016017	262	0.49	3067733	9.41	1.46	17.08	3057733	2.28661571979942	9.25831338695174	16.9527245951314
rs7505690	SNP	rs7505690	183	0.3	3157104	9.41	1.46	17.08	3147104	2.57022528732827	9.57119953176023	17.3634694167772
D18S1370	STS	D18S1370	163	0.79	3157651	9.41	1.46	17.08	3147651	2.57230295505988	9.57336858741763	17.3659522113774
rs11659820	SNP	rs11659820	254	0.39	3164385	9.41	1.46	17.08	3154385	2.59788067810308	9.6000713676679	17.3965173646457
rs727929	SNP	rs727929	160	0.32	3347813	9.41	1.46	17.08	3337813	3.3360984956126	10.3030680384554	18.1342280602066
D18S63	STS	AFM205TD6	993	0.77	3438521	10.53	3.17	17.76	3428519	3.76036541808287	10.6800580441651	18.4475765567676
D18S459	STS	AFM238YD8	890	0.73	3535019	10.76	3.17	18.25	3525018	4.18324428129351	11.055543646892	18.7605241518988
rs12970501	SNP	rs12970501	194	0.34	3538771	10.79	3.17	18.3	3528771	4.19906935629146	11.0696122141590	18.7728315970941
rs2240899	SNP	rs2240899	301	0.47	3595011	11.25	4.07	18.3	3585011	4.43965795192256	11.2881434597015	18.9588420194890
rs556955	SNP	rs556955	177	0.31	3604390	11.25	4.07	18.3	3594390	4.48080187164327	11.3243023321573	18.9898555434924
D18S54	STS	AFM080XD7	143	0.77	3659288	11.87	4.07	19.27	3649284	4.72958463943928	11.5328292072361	19.17034414037
rs1111431	SNP	TSC0256704	330	0.36	3666741	11.87	4.07	19.27	3656741	4.76416137452649	11.5622758824215	19.1943852739232
rs1380775	SNP	rs1380775	133	0.29	3667903	11.87	4.07	19.27	3657903	4.7695522461448	11.5668669244939	19.1981335359907
D18S1138	STS	AFMB360YH1	157	0.62	3672057	11.87	4.07	19.27	3662021	4.78882391628465	11.5832793072552	19.2115330890271
rs168206	SNP	TSC0254948	418	0.49	3693772	11.87	4.07	19.27	3683772	4.88956640956502	11.6690748998557	19.2815791396253
rs918174	SNP	TSC0231046	313	0.38	3736629	11.87	4.48	19.27	3726629	5.08690140605247	11.8287509795787	19.4215375561446
rs8096244	SNP	rs8096244	216	0.34	3786584	11.87	4.48	19.27	3776584	5.3204718776856	12.0266966628459	19.5810827306462
rs3760605	SNP	rs3760605	115	0.21	3870771	12.51	5.39	19.27	3860771	5.73133619398737	12.3584122568920	19.8333830591467
D18S1154	STS	AFMA056YE1	1028	0.84	3892030	12.51	5.64	19.27	3882011	5.83469958505061	12.4404292449682	19.8934494228086
D18S52	STS	AFM020TF12	1050	0.75	4257912	13.73	7.24	20.06	4247911	7.6303537151746	13.8500638562991	20.9126111692680
rs950959	SNP	rs950959	113	0.28	4336748	13.73	7.24	20.06	4326748	7.914768321121	14.1055260412486	21.1226638316509
rs556831	SNP	rs556831	41	0.08	4389879	14.31	7.24	20.57	4379879	8.07701073021134	14.2692818999092	21.2621147413163
rs1595361	SNP	rs1595361	201	0.52	4579102	14.62	7.24	22.21	4569102	8.53801728653794	14.8066616522052	21.8910019902304
rs1437622	SNP	TSC0654383	312	0.49	4608852	15.22	8.27	22.21	4598852	8.61566862215666	14.8959421905944	22.0030675435005
D18S1132	STS	AFMB329WD5	840	0.73	4619789	15.22	8.27	22.22	4609673	8.64421560224614	14.9287644174301	22.0442662311010
rs1587955	SNP	rs1587955	71	0.26	5121110	15.22	8.27	22.22	5111110	9.6042943864366	16.8183824429468	24.8800804023779
rs2007842	SNP	TSC0088976	311	0.56	5181359	16.68	8.48	24.43	5171359	9.75765148561674	17.0492405060930	25.1761108030150
rs1154999	SNP	TSC0322251	345	0.54	5193260	16.68	8.48	24.43	5183260	9.7846213574462	17.0945321491549	25.2333641508773
rs727615	SNP	rs727615	76	0.21	5233445	17.3	9.04	25.03	5223445	9.88302739146825	17.2471335731840	25.4057678146806
D18S976	STS	GATA88A12	1070	0.84	5248944	17.3	9.6	25.03	5238944	9.92638865952615	17.3054714500661	25.4708030146376
rs1539935	SNP	TSC0416911	214	0.56	5250346	17.3	9.6	25.03	5240346	9.9313065036628	17.3106529632022	25.4764172411941
rs2789	SNP	WIAF-620	34	0.17	5289887	17.3	9.6	26.12	5279887	10.0700058438964	17.4567886343252	25.6347568505164
D18S1376	STS	D18S1376	694	0.57	5337457	18.18	9.87	26.31	5327380	10.2479976558468	17.6352976278486	25.8248123867882
GATA51H07	STS	GATA51H07	67	0.72	5337457	18.18	9.87	26.31	5327457	10.2479976558468	17.6352976278486	25.8248123867882
rs948309	SNP	TSC0373450	184	0.37	5530444	18.71	9.87	26.91	5520444	10.9754474851073	18.3297827935490	26.4795081387791
D18S344	STS	UT408	443	0.49	5590429	18.88	9.93	26.91	5580279	11.2143475520442	18.5471982654147	26.6762829513707
rs1539812	SNP	TSC0416724	304	0.5	5596091	19.13	11.12	27.11	5586091	11.2369935879572	18.5682865198878	26.696084881873
rs948311	SNP	TSC0373453	195	0.37	5616229	19.13	11.12	27.11	5606229	11.3179174147173	18.6440862386415	26.7654903431066
D18S391	STS	UT1302	700	0.61	5781224	19.18	11.12	27.11	5771021	12.008961775576	19.2569254251289	27.2738322890070
D18S62	STS	AFM197XH12	975	0.67	5826520	19.18	11.12	27.11	5816440	12.2130346638973	19.4220486934898	27.4058536702624
D18S452	STS	AFM206XF4	786	0.83	5829473	19.18	11.12	27.11	5819472	12.2268799985554	19.4329956096742	27.4147143494748
rs1073950	SNP	rs1073950	138	0.26	5907965	19.18	11.12	27.11	5897965	12.5790465857017	19.7255487952399	27.6555862998426
rs1940604	SNP	rs1940604	77	0.15	5913606	19.2	12.13	27.11	5903606	12.6029879611025	19.7465124178542	27.6731659107329
rs724676	SNP	rs724676	118	0.48	5926216	19.89	12.49	27.11	5916216	12.6541256648925	19.7928740299700	27.7125468735659
D18S78	STS	MFD80	487	0.47	5941014	19.89	12.49	27.11	5931013	12.7141364294194	19.8472799884228	27.7587609487446
D18S458	STS	AFM238XC11	89	0.47	5941028	19.89	12.49	27.11	5931027	12.7141932040310	19.8473314604743	27.7588046706701
rs564021	SNP	TSC0204632	272	0.38	5942643	19.89	12.49	27.11	5932643	12.7207425610192	19.8532691292742	27.7638483070678
rs1539804	SNP	rs1539804	244	0.46	5959258	19.89	12.49	27.11	5949258	12.7881218590739	19.9143554246988	27.8157368635682
D18S471	STS	AFM283XG9	814	0.61	5981902	19.89	12.49	27.11	5971849	12.895968796911	20.0020961634032	27.8868690841107
rs948225	SNP	TSC0373274	137	0.24	6026665	19.92	12.55	27.11	6016665	13.1109467039630	20.1749169106747	28.0264217284269
D18S967	STS	GATA116D12	673	0.55	6595300	22.12	14.69	29.49	6585262	15.4769732068629	22.4973401612980	30.3218551732229
rs1941509	SNP	rs1941509	91	0.22	6626372	22.23	14.77	29.6	6616372	15.6071520976062	22.6711256296139	30.5211318230775
rs1241983	SNP	rs1241983	225	0.48	6875693	24.63	16.75	32.28	6865693	16.8884942693508	23.9184598023769	31.8190553515616
rs526171	SNP	rs526171	216	0.5	6880413	24.63	16.75	32.28	6870413	16.9161526070828	23.9430274438095	31.8444712092847
rs475598	SNP	rs475598	144	0.38	7027438	24.63	16.75	32.28	7017438	17.6759501862696	24.717580654099	32.7111292553674
rs1831779	SNP	rs1831779	123	0.27	7027977	24.63	16.75	32.28	7017977	17.6790311892631	24.7204828967406	32.7143369614296
rs7234998	SNP	rs7234998	258	0.49	7068724	24.63	16.75	32.83	7058724	17.9148747391862	24.9465265620264	32.9720241309548
rs2045782	SNP	rs2045782	197	0.57	7094665	25.21	16.75	34.39	7084665	18.0650276678105	25.0925809325065	33.1408046177969
rs2007808	SNP	rs2007808	89	0.27	7221729	25.87	16.75	34.39	7211729	18.7105653372905	25.7855374450748	33.9473319423644
rs749787	SNP	TSC0132521	57	0.1	7427786	27.11	19.94	34.39	7417786	19.6239709966684	26.8753903206935	35.2696934735614
D18S1163	STS	AFMA101XF9	676	0.54	7472347	27.11	19.94	34.39	7462300	19.7422159010789	27.0704547303212	35.5157550182705
rs560098	SNP	rs560098	264	0.45	7475949	27.11	19.94	34.39	7465949	19.7518776220516	27.0860469718810	35.5349304202073
rs734690	SNP	TSC0026570	75	0.09	7477548	27.11	19.94	34.39	7467548	19.7561666536549	27.0929686804469	35.5434427654869
rs1509341	SNP	TSC0761906	33	0.04	7530543	27.11	19.94	34.39	7520543	19.9114493776309	27.3232871035766	35.8249854363992
rs9955885	SNP	rs9955885	144	0.24	7661058	27.11	19.94	34.39	7651058	20.3197737360815	27.8945360737774	36.5068598850034
rs1374108	SNP	rs1374108	63	0.14	7669072	27.11	19.94	38.45	7659072	20.3442415464438	27.9298081916301	36.548125626993
rs629562	SNP	rs629562	245	0.47	7751789	29.58	19.94	38.45	7741789	20.6090891631159	28.2944754031902	36.9729254235334
rs364418	SNP	rs364418	257	0.48	7813239	29.58	19.94	38.45	7803239	20.8101017791739	28.5660613687826	37.2879926412314
rs331415	SNP	rs331415	206	0.5	7818887	29.58	19.94	38.45	7808887	20.8269147093659	28.5916013365774	37.3178117401926
rs4798613	SNP	rs4798613	327	0.49	8172328	29.58	19.94	38.45	8162328	21.8143768391989	30.1817411465967	39.1738002932796
rs2192194	SNP	rs2192194	268	0.42	8173366	29.58	19.94	38.45	8163366	21.8171468075047	30.1860971019205	39.1787920903031
rs1106700	SNP	rs1106700	327	0.44	8189601	29.58	19.94	38.45	8179601	21.8604709264311	30.2542270967968	39.2568670659074
rs965639	SNP	rs965639	184	0.4	8362147	29.58	19.94	38.45	8352147	22.3089930945125	30.9745237186422	40.0686848299576
rs635269	SNP	rs635269	264	0.48	8408431	30.37	21.89	38.55	8398431	22.4201297184807	31.1561577872228	40.2758325087806
rs727368	SNP	rs727368	189	0.38	8523943	32.04	22.12	40.81	8513943	22.7483142372316	31.6057370363577	40.7335824778697
rs1470248	SNP	rs1470248	196	0.41	8524027	32.04	22.12	40.81	8514027	22.7485973247025	31.6060634612553	40.7338964617345
D18S21	STS	PHHH163	239	0.49	8562482	32.06	23.01	40.81	8552481	22.8590465919797	31.7500658084939	40.8695468000394
rs1442685	SNP	TSC0663428	266	0.36	8605665	32.06	23.03	40.81	8595665	22.9911954340978	31.9093048066207	41.0167480263617
rs321663	SNP	TSC1124670	168	0.23	8636000	32.06	23.03	40.81	8626000	23.0928481130208	32.0204131069873	41.1172601680796
rs9949325	SNP	rs9949325	245	0.49	8641331	32.54	23.03	41.35	8631331	23.1134077536763	32.0398114040879	41.1329510849946
rs11663196	SNP	rs11663196	265	0.5	8643907	32.54	23.03	41.35	8633907	23.1233424065236	32.0491848824843	41.1405331150027
rs422303	SNP	TSC1298087	393	0.52	8658333	32.54	23.03	41.35	8648333	23.1789780051162	32.101677817013	41.182993660382
rs1942150	SNP	rs1942150	67	0.14	9538533	33.79	23.03	42.11	9528533	26.5124039629698	34.4432070512431	42.6408809692003
rs420905	SNP	rs420905	189	0.44	9539802	35.13	27.4	42.32	9529802	26.522870161891	34.4477617426018	42.6413442000436
rs1378528	SNP	rs1378528	234	0.44	9709481	35.13	27.4	42.32	9699481	27.9180578255454	35.1606142152489	42.7904467984543
rs9951171	SNP	rs9951171	281	0.43	9749879	35.13	27.4	42.32	9739879	28.1851679528336	35.3228578709328	42.8455675671199
rs9965737	SNP	rs9965737	284	0.5	9759103	35.13	27.4	42.66	9749103	28.2457863545818	35.3598591436652	42.8582637702079
rs4798851	SNP	rs4798851	296	0.46	9773437	35.13	27.4	42.66	9763437	28.3397539274274	35.4167182461942	42.8740801063193
rs3070	SNP	WIAF-1002	64	0.46	9958522	36.18	29.2	42.76	9948522	29.8672343575055	36.2707880862910	43.0740845067953
rs3069	SNP	WIAF-1001	152	0.57	9959493	36.18	29.2	42.76	9949493	29.8758162574473	36.2755172907938	43.0752719678717
D18S464	STS	AFM259VH9	651	0.52	9961411	36.18	29.2	42.76	9951410	29.8927679403395	36.2848588090599	43.0776175398022
rs29062	SNP	TSC0373157	282	0.49	9965338	36.18	29.2	42.76	9955338	29.9274755830495	36.3039850563127	43.0824199699227
rs1941059	SNP	rs1941059	185	0.45	10095556	36.24	30.96	42.76	10085556	30.988187054873	36.8968919690862	43.2464471643049
rs627953	SNP	TSC0851039	233	0.4	10121949	37.08	31	42.76	10111949	31.1791986771672	37.0113375999173	43.284331884929
D18S1153	STS	AFMA054YG9	139	0.82	10133234	37.08	31	42.76	10123107	31.2534125548622	37.0577736972556	43.304197179863
rs1893211	SNP	TSC0919862	327	0.52	10148722	37.08	31	42.76	10138722	31.3543666216928	37.1212030197328	43.3319036749324
rs1990560	SNP	TSC0851037	335	0.55	10165289	37.08	31	42.76	10155289	31.462353839228	37.189051262597	43.3615403939287
D18S1150	STS	AFMA053WD1	737	0.7	10246628	37.42	31	43.38	10236590	31.9914662607596	37.5122046794546	43.5049123191760
rs206581	SNP	rs206581	116	0.3	10370596	38.82	32.98	43.38	10360596	32.6899997240089	37.994708714091	43.7583974171844
rs206580	SNP	rs206580	162	0.4	10370771	38.82	32.98	43.38	10360771	32.6909397895505	37.9953747930409	43.7587897245399
rs2557	SNP	WIAF-222	67	0.26	10488615	38.82	32.98	43.38	10478615	33.2120168304028	38.4296132972747	44.0357128499679
D18S378	STS	UT485	66	0.68	10513893	38.82	32.98	43.38	10503837	33.3072891154735	38.5178728345584	44.0981768034451
rs1013785	SNP	TSC0095077	202	0.4	10707434	38.88	32.98	44.5	10697434	33.7747781436731	39.0743459056694	44.6992747416681
rs1918674	SNP	TSC0972426	269	0.33	10729880	38.88	32.98	44.5	10719880	33.8218860979651	39.1298384870441	44.7866476557291
rs8098584	SNP	rs8098584	199	0.29	10736934	38.88	32.98	44.5	10726934	33.8366904956118	39.1472778824382	44.8141059349675
D18S1158	STS	AFM023TC1	100	0.7	10742757	38.88	32.98	44.5	10732701	33.8522088678168	39.1630726923771	44.8369232837799
rs1941547	SNP	TSC1012013	418	0.47	10748052	38.88	32.98	44.5	10738052	33.8681742016944	39.178221801619	44.8577564838692
rs1941545	SNP	rs1941545	225	0.4	10751624	38.88	32.98	44.5	10741624	33.8789443948221	39.1884413706864	44.8718105331079
rs1343886	SNP	rs1343886	164	0.32	10761475	39.15	32.98	44.97	10751475	33.9086468507292	39.2166252942259	44.9105693346338
rs6505599	SNP	rs6505599	122	0.28	10806867	39.15	32.98	44.97	10796867	34.0442569661009	39.3495172239252	45.0858685910994
rs906283	SNP	rs906283	299	0.47	10928707	39.15	32.98	45.08	10918707	34.3404229852553	39.6760721881291	45.5289721543913
rs1395610	SNP	rs1395610	243	0.53	10950758	39.15	32.98	45.08	10940758	34.3879127192673	39.7280331567972	45.6110313828537
rs264234	SNP	rs264234	271	0.57	10974448	39.15	32.98	45.08	10964448	34.4535857688857	39.7938746943381	45.6948533154748
rs17106	SNP	WIAF-2824	70	0.26	11074577	40.47	35.24	45.15	11064577	34.7395129662587	40.0872855096719	46.0401442603335
rs16755	SNP	WIAF-2971	76	0.3	11118427	41.28	35.24	46.96	11108427	34.8645436256907	40.2173358762001	46.1866915720116
rs459329	SNP	rs459329	103	0.26	11315010	41.28	35.24	46.96	11305010	35.3349959703734	40.7473895279684	46.7998993613563
D18S53	STS	D18S53	1278	0.81	11492737	41.28	35.24	46.96	11482729	35.8321837573491	41.2415410747964	47.273746937862
rs751717	SNP	TSC0137685	198	0.3	11496306	41.28	35.24	46.96	11486306	35.8436657222023	41.2516183980348	47.2811465273449
rs734575	SNP	TSC0026283	306	0.37	11502509	41.28	35.24	46.96	11492509	35.8636216280539	41.2691330060617	47.294007175583
rs753639	SNP	TSC0142898	250	0.48	11532987	41.28	35.24	46.96	11522987	35.9602898642245	41.3530368932406	47.3556109176739
rs1471408	SNP	rs1471408	243	0.45	11541256	41.28	35.24	46.96	11531256	35.9864045819109	41.3756260336354	47.3721958283189
D18S1116	STS	AFMB022WE9	589	0.72	11557008	41.28	35.24	46.96	11546891	36.0361517137282	41.4186571304426	47.4037891905731
rs477642	SNP	rs477642	201	0.43	11564311	41.28	35.24	46.96	11554311	36.059171643126	41.438449621867	47.4179657115853
rs472174	SNP	rs472174	107	0.27	11564905	41.28	35.24	46.96	11554905	36.0610399414065	41.4400449205038	47.4190753371163
rs1824724	SNP	rs1824724	220	0.45	11611377	41.28	35.24	46.96	11601377	36.207207546951	41.5648542104801	47.505887656434
rs4496228	SNP	rs4496228	148	0.23	11678946	41.28	35.24	46.96	11668946	36.4123927575621	41.7392668329603	47.6226194576786
D18S482	STS	AFM323ZE9	458	0.5	11846214	41.28	35.24	47.38	11836212	36.9085604990180	42.1414818367036	47.8615453387338
rs1986750	SNP	rs1986750	181	0.4	12095950	43.33	38.33	47.38	12085950	37.6728720333095	42.5964485106841	47.9850396334515
rs723836	SNP	rs723836	227	0.48	12549850	43.33	38.33	47.4	12539850	38.4026713371659	43.0557706907744	48.1492689111492
D18S71	STS	AFM254YD5	523	0.85	12596972	43.33	38.33	47.98	12586865	38.4517613394087	43.0859448199809	48.1728973338235
rs1893213	SNP	TSC0919867	381	0.51	12736556	43.33	38.33	47.98	12726556	38.7110059075651	43.2484029219622	48.2658468537919
D18S453	STS	AFM214XD2	821	0.83	12914797	43.57	38.88	47.98	12904782	39.2179373662796	43.5297080696625	48.3893731243021
D18S1114	STS	AFMB009YF1	99	0.63	12924044	43.57	38.88	47.98	12913930	39.2480233875192	43.5457973451254	48.3952001969155
rs3602	SNP	WIAF-2365	23	0.11	12986440	43.57	38.88	47.98	12976440	39.4637130754304	43.6575676117364	48.439203101722
rs571002	SNP	TSC1183755	373	0.52	13090667	43.57	38.88	47.98	13080667	39.879348147729	43.8848005596665	48.5069903413285
rs693301	SNP	rs693301	266	0.52	13097207	43.57	38.88	47.98	13087207	39.9074790015515	43.8997205342134	48.5108821032716
rs1981355	SNP	TSC0928297	284	0.48	13177130	43.57	38.88	47.98	13167130	40.2481818681721	44.0734863132822	48.571796116552
rs879588	SNP	TSC0213966	199	0.32	13183504	43.57	38.88	47.98	13173504	40.2749478523826	44.086471243894	48.5761732506595
D18S73	STS	AFM266WA5	771	0.59	13190868	43.57	38.88	47.98	13180765	40.3058710886121	44.1014729742087	48.5812302345892
D18S37	STS	D18S37	175	0.55	13190902	43.57	38.88	47.98	13180862	40.3060138629238	44.1015422380368	48.5812535829669
rs12968182	SNP	rs12968182	263	0.51	13231457	43.57	38.88	47.98	13221457	40.4674742283698	44.1879384526575	48.6068401139565
rs1225	SNP	WIAF-2137	144	0.46	13337559	43.57	38.88	48.32	13327559	40.8731573923386	44.4023415847650	48.6680570806623
rs872906	SNP	rs872906	231	0.52	13377699	44.13	39.46	48.57	13367699	41.0208132774721	44.4777214180395	48.6889377923575
D18S852	STS	GCT5D07	6	0.41	13650193	45.06	41.32	48.57	13640193	42.0014897958456	44.9943002213247	48.8168851725362
D18S40	STS	CU18-001	208	0.79	13753793	45.89	43.19	48.57	13743792	42.3725090445842	45.1882431960153	48.8593143780584
rs1043925	SNP	rs1043925	276	0.56	13764016	45.89	43.19	48.57	13754016	42.4093166124397	45.2074138909098	48.8633741825918
rs948323	SNP	rs948323	264	0.42	13852028	45.89	43.19	48.57	13842028	42.7263798003424	45.3733126138043	48.8960741918013
rs1444	SNP	rs1444	37	0.28	14226257	46.51	45.28	48.57	14216257	44.1343959581482	46.092989606339	49.0104665003978
D18S12	STS	CRI-R397	182	0.65	14930752	47.2	45.79	48.57	14920751	46.2661083384014	47.2192206973075	49.0584896173788
rs1852893	SNP	rs1852893	164	0.39	15082789	47.2	45.79	48.57	15072789	46.2950359526714	47.2375309787294	49.0634626077295
rs1481280	SNP	rs1481280	286	0.46	18655451	47.2	45.79	48.57	16909449	46.905109251529	47.5178527100526	49.1577292674042
D18S45	STS	D18S45	125	0.61	18820504	47.2	45.79	48.57	17074501	46.9287196923652	47.5299868510274	49.1636236401497
rs2164062	SNP	TSC1196885	88	0.26	18979263	47.2	45.79	48.57	17233261	46.9505550820074	47.5433842187172	49.1700451840185
rs1019977	SNP	TSC0223979	96	0.26	19003906	47.2	45.79	48.57	17257904	46.953827902474	47.5455624843456	49.171054934942
rs291781	SNP	rs291781	238	0.44	19004113	47.2	45.79	48.57	17258111	46.9538553940065	47.5455807816708	49.1710634168006
rs291785	SNP	TSC0664645	216	0.41	19015831	47.2	45.79	48.57	17269829	46.9558518543777	47.5466612174971	49.1715771215805
D18S1149	STS	AFMA052YG1	110	0.77	19061224	47.2	45.79	48.57	17315131	46.9643167898919	47.5509370261187	49.1736210604261
D18S1104	STS	AFMA240YG1	921	0.88	19159682	47.2	45.79	48.57	17413636	46.9817403097496	47.5611197588767	49.1780244485158
rs948384	SNP	rs948384	211	0.55	20006960	47.2	45.79	48.57	18260958	47.704508709725	48.0270770135635	49.2872354246812
D18S869	STS	D18S869	590	0.82	20083532	47.63	45.79	49.01	18337530	47.8192641201022	48.0869584389133	49.3005462405423
D18S44	STS	D18S44	217	0.79	20145131	48.64	48.47	49.01	18399128	47.9129617252611	48.1361534336638	49.3108652900934
rs1010800	SNP	rs1010800	189	0.37	20607820	48.64	48.47	49.01	18861818	48.6743570535636	48.5369120286471	49.3760209502138
rs1541836	SNP	rs1541836	75	0.17	21495483	49.31	49.66	49.01	19749481	50.4645993453983	49.435577920125	49.4284964956097
D18S1101	STS	AFM164ZC1	67	0.42	21546937	49.32	49.81	49.01	19800923	50.5759610763816	49.4897650564713	49.4310346391845
rs17094	SNP	WIAF-2780	7	0.04	21584245	49.32	49.83	49.01	19838243	50.6493240651261	49.5371369719601	49.4328836166352
rs953785	SNP	rs953785	23	0.05	21605617	49.32	49.86	49.01	19859615	50.6940079554101	49.5586309223786	49.4339677246244
rs2077984	SNP	rs2077984	23	0.05	21752366	49.7	50.52	49.01	20006364	51.0141236639698	49.7278011855318	49.4415109647735
D18S480	STS	AFM320YC9	784	0.68	22092903	49.82	50.82	49.01	20346790	51.8130077156754	50.1504246144253	49.4616650020857
D18S1108	STS	AFMA301XC5	748	0.76	22097019	50	50.82	49.01	20351014	51.8219444967651	50.1557250474234	49.4619631026493
rs1972602	SNP	rs1972602	165	0.32	22113964	50	50.82	49.01	20367962	51.8587359825682	50.1775461934761	49.4631903412428
rs955621	SNP	rs955621	219	0.48	22122783	50	50.82	49.01	20376781	51.8778840565308	50.1889029764232	49.46382905574
D18S1107	STS	AFMA289WE1	942	0.78	22127989	50	51.18	49.01	20381967	51.8891874778994	50.1956070712211	49.4642060993586
rs1945148	SNP	rs1945148	127	0.47	22133526	50.29	51.62	49.01	20387524	51.9012095762701	50.2027374156114	49.464607115593
rs1945165	SNP	rs1945165	281	0.4	22169166	50.29	51.62	49.01	20423164	51.9836547276229	50.249148085861	49.4680706143818
rs996242	SNP	rs996242	306	0.46	22185861	50.29	51.62	49.01	20439859	52.022868978564	50.2709488509628	49.4697965755045
rs967764	SNP	rs967764	240	0.41	22242361	50.29	51.62	49.01	20496359	52.1571214557194	50.3462992675484	49.4751838221913
rs2016765	SNP	rs2016765	324	0.5	22253039	50.29	51.62	49.01	20507037	52.183696270471	50.3594190442101	49.4764616836744
rs168142	SNP	rs168142	223	0.53	22269067	50.29	51.62	49.01	20523065	52.2237710582372	50.3789285377222	49.4784226876374
rs965591	SNP	rs965591	212	0.42	22286048	50.29	51.62	49.01	20540046	52.2662286306765	50.3995980354342	49.480500289852
D18S975	STS	GATA85D10	65	0.52	22443542	50.29	51.62	49.01	20697540	52.6851326770194	50.6271406767186	49.50339428185
rs723344	SNP	rs723344	212	0.4	22469819	50.29	51.62	49.01	20723817	52.7558223868904	50.6659176512369	49.5078104668779
rs736209	SNP	rs736209	256	0.52	22572080	50.29	51.62	49.01	20826078	53.0292905711551	50.8178581517795	49.5264910247614
rs724313	SNP	rs724313	157	0.42	22588929	50.29	51.62	49.01	20842927	53.0722048431674	50.8430690841309	49.5296932832528
D18S1375	STS	D18S1375	9	0.09	22913240	51.35	53.32	49.05	21167238	53.9792377403341	51.3475553690232	49.6166015295608
rs950430	SNP	rs950430	184	0.44	23364286	52.19	55.03	49.09	21618284	55.3511803996406	52.1004177691076	49.8175097582491
D18S866	STS	GATA30C02	864	0.7	23370597	52.19	55.03	49.42	21624590	55.3706603020771	52.1114421377631	49.8214182251335
rs1380193	SNP	rs1380193	212	0.49	23494445	52.19	55.03	49.65	21748443	55.7538926187306	52.3382045337436	49.9194691237433
rs1459098	SNP	rs1459098	228	0.49	23527250	52.19	55.03	49.65	21781248	55.8577268154376	52.3967930620087	49.9471550395511
rs1585676	SNP	rs1585676	206	0.47	23877175	52.75	56.07	49.65	22131173	56.9673102672238	53.0140538318257	50.1812160908827
D18S997	STS	UT5129	329	0.32	24013862	52.75	56.07	49.65	22267726	57.3929241245154	53.2541708518349	50.2608423979959
D18S66	STS	AFM240XC7	307	0.82	24130470	53.51	57.36	49.86	22384431	57.7569346619641	53.4583479570215	50.3240747830676
D18S819	STS	UT7251	64	0.66	24185505	53.51	57.36	49.86	22439272	57.9277681284213	53.5540923521556	50.3542111905915
rs2077811	SNP	rs2077811	65	0.16	24304199	53.51	57.4	49.86	22558197	58.3030245858217	53.7629067682382	50.4257914049712
rs1560343	SNP	rs1560343	297	0.52	24386966	53.61	57.41	50.23	22640964	58.561702549217	53.9118397397321	50.4765168816196
rs335929	SNP	rs335929	156	0.32	24435587	53.61	57.41	50.23	22689585	58.7130989100865	53.9949287758234	50.5014577139218
rs162004	SNP	rs162004	231	0.38	24447936	53.61	57.41	50.23	22701934	58.7516371220835	54.0160702986575	50.5075367662553
rs1185007	SNP	rs1185007	265	0.52	24584171	54.58	59.39	50.23	22838169	59.1703203348919	54.2422782674427	50.5613955445395
rs1401468	SNP	rs1401468	152	0.27	24955590	54.85	59.94	50.23	23209588	60.1252281424802	54.7435880268484	50.6692831747108
D18S478	STS	AFM311WE5	749	0.6	25147321	54.85	59.94	50.23	23401301	60.5485744959375	54.9742107774886	50.6976278754618
D18S1151	STS	AFMA054TD1	142	0.29	25181754	54.85	59.94	50.23	23435727	60.6221140033849	55.013859765949	50.7004989825705
rs1420960	SNP	rs1420960	150	0.31	25198599	55.13	59.94	50.23	23452597	60.6566994649042	55.0327334989710	50.7016795791369
rs665781	SNP	rs665781	261	0.53	25579313	55.59	61.3	50.23	23833311	61.297761294877	55.3819042398669	50.7242490903142
rs1548755	SNP	rs1548755	266	0.48	25863348	55.59	61.3	50.23	24117346	61.73553674331	55.6215935199309	50.7383535222452
rs356903	SNP	rs356903	135	0.43	26284807	55.59	61.3	50.23	24538805	62.3831809839387	55.9678568831503	50.7603872791695
rs1941207	SNP	rs1941207	172	0.38	26572430	55.59	61.3	50.23	24826428	62.8406801575085	56.213461074365	50.7815636473712
rs1421228	SNP	TSC0623004	370	0.41	26645450	55.59	61.3	50.23	24899448	62.9637521362864	56.2772987035607	50.7902551500597
rs1941880	SNP	TSC1012614	276	0.32	26677601	55.59	61.3	50.24	24931599	63.0190022088933	56.3056248506492	50.7944976061377
D18S877	STS	GATA64H04	946	0.71	26725190	56.26	62.55	50.28	24979188	63.0946786435055	56.3483041352722	50.8013772553415
rs1972603	SNP	TSC0431494	213	0.43	26729817	56.26	62.55	50.28	24983815	63.1006446365143	56.3527028370632	50.8020653074332
rs956305	SNP	rs956305	29	0.16	26819538	56.47	62.72	50.41	25073536	63.2217076240528	56.4266479181799	50.8160351808743
D18S965	STS	ATA35H02	65	0.89	27009705	57	63.1	50.6	25263668	63.5184624022095	56.5899261486712	50.8500472668201
D18S847	STS	GATA25H01	1100	0.75	27703313	57.41	64.54	50.65	25957281	65.0159690754872	57.432496861181	51.1018764235332
rs726345	SNP	rs726345	131	0.44	28042486	57.41	64.56	50.65	26296484	65.7822404361529	57.8616284349573	51.2198280495097
rs1025880	SNP	rs1025880	159	0.36	28088814	57.6	65.02	50.65	26342812	65.8893553518865	57.920612353255	51.2361894365306
D18S463	STS	AFM242ZH6	651	0.6	28142316	57.6	65.02	50.65	26396198	66.007256751719	57.9871950508866	51.2536474992491
D18S49	STS	MFD245	1060	0.74	28295489	57.6	65.02	50.65	26549382	66.325748498322	58.1574270093057	51.298009224914
rs276912	SNP	rs276912	244	0.42	28597295	58.3	65.82	51.03	26851293	66.9212406037922	58.4794535068492	51.3720552649129
rs1790695	SNP	rs1790695	183	0.36	28638832	58.66	66.59	51.03	26892830	66.9911743780959	58.5203206051339	51.3812045725183
rs1790683	SNP	rs1790683	275	0.42	28671212	58.66	66.59	51.03	26925210	67.0446948089481	58.5514244491096	51.3880986868722
rs951298	SNP	rs951298	150	0.45	28765917	58.66	66.68	51.03	27019915	67.2195025046015	58.6414323191787	51.4074369603014
rs2011596	SNP	rs2011596	215	0.55	28775381	58.66	66.77	51.03	27029379	67.2377794294528	58.650401179258	51.4091583836718
rs724481	SNP	rs724481	65	0.59	29024566	58.66	66.77	51.03	27278564	67.6753240234409	58.8823244771047	51.4491095338566
rs724482	SNP	rs724482	177	0.36	29024737	58.66	66.77	51.03	27278735	67.6756505472489	58.8824963613054	51.4491244416731
D18S36	STS	D18S36	652	0.72	29164196	59.09	67.7	51.03	27418193	67.9019789941203	59.0051286709813	51.4597997422819
rs454768	SNP	rs454768	222	0.44	29628863	59.33	68.13	51.03	27882861	68.6014358573933	59.349863425266	51.4837133273379
D18S47	STS	D18S47	167	0.63	29781230	59.33	68.13	51.03	28035227	68.8402326985982	59.4725452934234	51.4904724799853
D18S457	STS	AFM238VB6	533	0.44	29866262	59.33	68.13	51.03	28120242	68.9670468607027	59.5383911258198	51.4942192251817
rs1380085	SNP	rs1380085	167	0.41	30028877	59.33	68.13	51.03	28282875	69.2009959762708	59.654328347599	51.5013149496903
rs1350551	SNP	rs1350551	53	0.09	30028974	59.33	68.13	51.03	28282972	69.2011126179511	59.6543955698079	51.501319325703
rs1863605	SNP	rs1863605	48	0.09	30029033	59.33	68.13	51.03	28283031	69.2011835649525	59.6544364575432	51.5013219874015
rs966444	SNP	rs966444	187	0.41	30067957	59.33	68.13	51.03	28321955	69.2524300743283	59.6810191924287	51.503049468714
rs1523592	SNP	rs1523592	264	0.4	30305403	59.75	68.93	51.03	28559401	69.5972793422438	59.8415790299838	51.5140749705723
rs749676	SNP	rs749676	253	0.44	30339291	59.75	68.93	51.03	28593289	69.6583240796849	59.8722116629776	51.5158790135672
rs1523576	SNP	rs1523576	306	0.5	30354197	59.75	68.93	51.03	28608195	69.6853546704853	59.885805409796	51.5166742050666
rs1379641	SNP	rs1379641	136	0.27	30982868	60.02	69.47	51.03	29236866	70.7078804434943	60.4598941905344	51.5827223607804
D18S456	STS	AFM234ZB6	727	0.69	31162584	60.41	70.33	51.03	29416574	70.9840908447675	60.6207827332658	51.6201257406762
rs726145	SNP	rs726145	159	0.48	31187910	60.41	70.33	51.03	29441908	71.0188594748943	60.6429463955659	51.6262819928919
rs726147	SNP	rs726147	53	0.12	31188140	60.41	70.33	51.03	29442138	71.0191670422985	60.6431358261936	51.6263397394717
rs1389532	SNP	rs1389532	209	0.45	31392323	60.9	70.87	51.03	29646321	71.2830734966503	60.7967856833775	51.6890623363927
rs2976	SNP	rs2976	28	0.43	31403254	60.9	70.87	51.26	29657252	71.2951379892426	60.8054380767957	51.6928110830377
D18S1124	STS	AFMB301ZE5	364	0.69	31412119	60.9	70.87	51.4	29666116	71.3049222474833	60.8124551354045	51.695851302506
rs1015966	SNP	rs1015966	223	0.28	31417840	60.9	70.87	51.4	29671838	71.3112364879115	60.8169835722123	51.6978132986232
rs17179	SNP	WIAF-3204	133	0.36	31557895	60.9	70.87	51.4	29811893	71.48147976841	60.9234579445644	51.7425774238856
D18S536	STS	GATA8E05	894	0.74	31588286	60.9	70.87	51.4	29842284	71.5184052788579	60.9462702778149	51.7528577885544
rs1402821	SNP	rs1402821	86	0.36	32018083	60.9	70.87	51.4	30272081	71.9459870981009	61.2155068841742	51.9155506386389
D18S1133	STS	AFMB330YG9	894	0.81	32098605	60.9	70.87	51.4	30352530	72.0090325095108	61.257136489986	51.9454162972953
D18S1135	STS	AFMB331ZB1	946	0.72	32172264	60.9	70.87	51.4	30426254	72.0680084570323	61.2929423237502	51.9750915409176
rs1617318	SNP	rs1617318	167	0.39	32444040	60.9	70.87	51.46	30698038	72.2641692718895	61.4209550130504	52.0723610168931
rs3133	SNP	WIAF-1468	121	0.42	32469272	60.9	70.87	51.72	30723270	72.2828746063473	61.4331051914293	52.079693371656
rs680798	SNP	rs680798	248	0.48	32518790	60.9	70.87	51.74	30772788	72.3188509584074	61.4567964770533	52.0936887550522
rs503301	SNP	rs503301	139	0.33	32563337	61.81	72.46	51.74	30817335	72.3526589289007	61.4772797642381	52.1047318288208
D18S1139	STS	AFMC006XF1	577	0.7	32637291	61.81	72.46	51.74	30891214	72.4196544588889	61.5127088593023	52.1240206412658
rs1131709	SNP	rs1131709	242	0.58	32887914	61.81	72.46	51.76	31141912	72.647807899565	61.6424748211291	52.1679447337691
rs1789501	SNP	rs1789501	249	0.43	33617060	61.81	72.46	51.76	31871058	73.4639029136944	62.1370245607674	52.2469515286840
rs719147	SNP	rs719147	142	0.39	33698192	61.81	72.46	51.78	31952190	73.4903513484494	62.1612488993744	52.266429446455
rs607856	SNP	rs607856	238	0.48	33766007	61.81	72.46	51.78	32020005	73.5142741932947	62.1836956609436	52.286122001987
D18S1093	STS	AFMA130WB1	805	0.71	34019455	62.36	73.3	51.85	32273260	73.6636986330554	62.284191257361	52.3607466603682
D18S57	STS	AFM147YG7	994	0.85	34054916	62.36	73.3	51.85	32308903	73.6828946412113	62.2994286985028	52.3734069299534
rs950777	SNP	rs950777	251	0.47	34120008	62.36	73.3	51.85	32374006	73.7188840593916	62.326033857523	52.4000835774925
rs953224	SNP	rs953224	187	0.4	34169060	62.36	73.3	51.93	32423058	73.7535602098355	62.3478063003613	52.4198382836331
rs1390428	SNP	rs1390428	61	0.18	34203207	62.36	73.3	51.97	32457205	73.7783878668732	62.3640369240475	52.432673592684
rs482648	SNP	rs482648	236	0.52	34256668	62.36	73.3	51.97	32510666	73.8126836457122	62.3919798442152	52.4548887915142
D18S1162	STS	AFMA099ZD1	961	0.86	34285876	62.36	73.3	51.97	32539851	73.8358567760697	62.4047944634617	52.4674591658665
rs873201	SNP	rs873201	168	0.34	34315475	62.36	73.3	51.97	32569473	73.8600406522175	62.4177879009389	52.4803537129732
rs9304167	SNP	rs9304167	240	0.42	34557276	62.36	73.3	51.97	32811274	74.1510830081395	62.5824919778198	52.5835015148758
rs880714	SNP	rs880714	242	0.44	34576790	62.36	73.3	51.97	32830788	74.1793401369383	62.597492224805	52.5909593151106
D18S1160	STS	AFMA083XE5	700	0.76	34760000	62.36	73.3	52.3	33013997	74.4392810006454	62.7371869589127	52.661066400564
rs962474	SNP	TSC0267101	120	0.24	34762017	62.36	73.3	52.3	33016015	74.4421256592915	62.7386926754176	52.6617574707347
rs1662910	SNP	rs1662910	245	0.46	34849242	62.36	73.3	52.3	33103240	74.5679983329825	62.8025033579637	52.6903228793338
rs948438	SNP	TSC0373690	245	0.46	34851938	62.36	73.3	52.3	33105936	74.5719225672905	62.8044407988197	52.6911632837174
rs894772	SNP	TSC0167450	226	0.48	34876731	62.36	73.3	52.3	33130729	74.6080106760444	62.8222579246146	52.698891824475
D18S1100	STS	AFMA217WC1	139	0.76	34922144	62.62	73.55	52.3	33176042	74.6745589666671	62.8592383995649	52.7072745132727
D18S1102	STS	AFMA224WB1	568	0.78	34923193	62.62	73.55	52.3	33177089	74.676096347072	62.8600943096378	52.7074658951363
rs727485	SNP	rs727485	122	0.32	34951849	62.62	73.55	52.3	33205847	74.7194469400405	62.8825925236985	52.711835397093
rs650680	SNP	rs650680	211	0.42	34962868	62.62	73.55	52.3	33216866	74.7362441989707	62.8911603003496	52.7134345117482
D18S475	STS	AFM298WF9	731	0.71	35303583	63.46	75.16	52.3	33557438	75.4322249535822	63.2470607808764	52.7436664214774
rs972900	SNP	rs972900	241	0.45	35335646	63.46	75.9	52.3	33589644	75.5167746946789	63.2884647522141	52.7457557617049
D18S451	STS	AFM199ZG7	133	0.69	35538180	63.63	75.9	52.3	33792143	76.004412113043	63.543796037878	52.7579380470194
MFD302	STS	MFD302	145	0.83	35542996	63.64	75.9	52.3	33796993	76.0166632297284	63.5500045451935	52.7581892984135
rs955672	SNP	rs955672	241	0.43	35870049	63.74	75.9	52.3	34124047	76.7758680312982	63.9447342608342	52.7753110398895
D18S1128	STS	AFMB314WC1	408	0.48	35904267	63.78	75.9	52.3	34158223	76.8040741003284	63.9603777314689	52.7772355440022
rs958801	SNP	rs958801	161	0.44	35960926	63.78	75.9	52.3	34214924	76.8630124535029	63.9897956152291	52.7802909367192
D18S67	STS	AFM248TE1	894	0.73	36035832	63.78	75.9	52.3	34289675	76.9358442703864	64.0290861846789	52.7837543935371
D18S1096	STS	AFM157XA1	903	0.8	36182728	64.04	76.4	52.3	34436650	77.0713138633866	64.1095568767458	52.7927199190408
rs1943410	SNP	rs1943410	198	0.51	36220697	64.04	76.4	52.3	34474695	77.1051811417168	64.1283860076595	52.7948307306401
rs1943413	SNP	rs1943413	221	0.5	36237678	64.04	76.4	52.3	34491676	77.114780372132	64.1373554562412	52.7959374468769
rs8092910	SNP	rs8092910	261	0.51	36447023	64.04	76.4	52.3	34701021	77.1928181574984	64.2154280910952	52.8107810693309
rs925240	SNP	rs925240	180	0.41	36616717	64.04	76.4	52.3	34870715	77.2401007155564	64.2758467646221	52.8271025267689
rs1949034	SNP	TSC1025900	329	0.48	36695083	64.04	76.4	52.3	34949081	77.2780883636193	64.3138369301055	52.8399496431069
D18S384	STS	UT652	31	0.55	36726462	64.04	76.4	52.3	34980236	77.2964247754777	64.3315629233963	52.8467963910187
rs1039806	SNP	rs1039806	179	0.41	36739036	64.04	76.4	52.3	34993034	77.3039189344864	64.3394070952051	52.8530111190837
rs925238	SNP	rs925238	178	0.43	36739369	64.04	76.4	52.3	34993367	77.3041174039432	64.3396148341277	52.8531757050902
rs628005	SNP	rs628005	78	0.18	37280942	64.62	77	52.65	35534940	77.6809068079791	64.6760595379635	53.1356600916161
rs1398899	SNP	rs1398899	170	0.34	37315686	64.62	77	52.67	35569684	77.707670241007	64.6986524891163	53.154510625096
rs1513681	SNP	rs1513681	177	0.39	37365729	64.62	77	52.68	35619727	77.7479341325617	64.7324658369069	53.1811516813677
D18S860	STS	ATA26E01	605	0.63	37387654	64.62	77	52.84	35641652	77.7661485903905	64.747897160824	53.1934560642128
rs307144	SNP	rs307144	303	0.47	37519452	64.62	77	52.84	35773450	77.8822019133303	64.8359115140214	53.2735500172648
rs2017595	SNP	rs2017595	236	0.47	37756291	64.85	77.13	53.11	36010289	78.0986886378958	65.0005814652052	53.4143788929401
D18S1157	STS	AFMA074YD9	774	0.84	37863585	65.06	77.57	53.19	36117567	78.194014994793	65.0839622635601	53.4807655885782
rs203151	SNP	rs203151	239	0.46	38038013	65.06	77.57	53.19	36292011	78.3760547019101	65.2188418957696	53.5795499914718
rs53998	SNP	rs53998	212	0.42	38072164	65.06	77.57	53.19	36326162	78.4152385156686	65.245131674295	53.5968821781408
rs62528	SNP	rs62528	215	0.43	38072838	65.06	77.57	53.19	36326836	78.4160107714641	65.2456465556786	53.5972412555503
D18S535	STS	GATA13	228	0.81	38148789	65.16	77.76	53.19	36402787	78.501782865897	65.3040486864634	53.636008520849
D18S468	STS	AFM116YE9	1041	0.8	38229498	65.16	77.76	53.19	36483445	78.5984361954492	65.3692888155541	53.6748104522123
D18S1120	STS	AFMB073XA5	966	0.71	38239584	65.16	77.76	53.19	36493504	78.6107507685285	65.3773997581931	53.679621214257
D18S978	STS	GATA91E12	138	0.74	38338136	65.24	77.89	53.19	36592134	78.7318617047152	65.4661991552927	53.7265830782597
D18S865	STS	GATA28D12	1036	0.73	38338152	65.28	77.97	53.19	36592150	78.7318818331387	65.4662129554173	53.7265906948588
D18S6	STS	L2.7	182	0.36	38340616	65.28	77.97	53.19	36594613	78.7349816103547	65.46833817461	53.7277636511244
rs1367685	SNP	rs1367685	135	0.37	38391824	65.28	77.97	53.19	36645822	78.799709091945	65.5125261564334	53.7521657193021
rs1431301	SNP	rs1431301	149	0.34	38398339	65.28	77.97	53.19	36652337	78.807995947811	65.518151523624	53.7552745537437
rs1346922	SNP	rs1346922	141	0.4	38398363	65.28	78.2	53.19	36652361	78.8080264749853	65.5181722463888	53.7552860060885
D18S1130	STS	AFM240VE5	1012	0.77	38773639	65.69	78.49	53.6	37027504	79.2939513246996	65.8601354130588	53.9152362233183
rs1353567	SNP	rs1353567	201	0.38	38879508	65.84	78.67	53.6	37133506	79.4444571675096	65.9780388132657	53.9708753052323
D18S34	STS	MFD26	824	0.77	39248225	65.84	78.81	53.6	37502203	79.9872313253964	66.3799846084254	54.1692582101316
rs52911	SNP	rs52911	193	0.46	39554939	66.89	80.06	53.6	37808937	80.3789034698944	66.6902390277101	54.3477313555061
rs824	SNP	WIAF-4147	100	0.39	39754490	66.89	80.06	53.69	38008488	80.6159259086298	66.8508362556305	54.446769050545
rs1941531	SNP	rs1941531	239	0.44	39768746	66.89	80.06	54.35	38022744	80.632045930991	66.8623176479345	54.4534846850313
D18S1136	STS	AFMB340YD9	894	0.73	40091842	66.89	80.06	54.35	38345829	80.9685626320478	67.0813474443444	54.5986883540425
rs643272	SNP	rs643272	96	0.29	40188321	66.89	80.06	54.35	38442319	81.0582347868196	67.141491954311	54.643335855899
D18S1123	STS	AFMB292ZG9	95	0.47	40387694	66.89	80.06	54.35	38641530	81.2156693859723	67.2483931487703	54.7359859066444
D18S65	STS	AFM240VH6	961	0.72	40458449	66.89	80.06	54.35	38712284	81.2622560879498	67.2816565681572	54.7681391192591
rs17878913	SNP	rs17878913	203	0.42	40643249	67.26	80.76	54.35	38897247	81.3751417469657	67.3663407510294	54.8513343676537
rs4536548	SNP	rs4536548	204	0.33	40659924	67.26	80.76	54.35	38913922	81.3852024495448	67.3730432362304	54.8593362861662
rs12955281	SNP	rs12955281	294	0.54	40682286	67.26	80.76	54.35	38936284	81.3984219808845	67.3820516786043	54.8699533667532
rs1878677	SNP	rs1878677	239	0.54	40730445	67.26	80.76	54.35	38984443	81.4176265625501	67.4021353332453	54.8889442942214
rs1518147	SNP	rs1518147	195	0.46	40733247	67.26	80.76	54.35	38987245	81.4187773071332	67.4032550282859	54.8900304007991
rs1158805	SNP	rs1158805	260	0.46	40736590	67.26	80.76	54.35	38990588	81.420229840148	67.4044744809614	54.8912813027797
rs616543	SNP	rs616543	122	0.43	40922736	67.26	80.76	54.35	39176734	81.4903796020616	67.4644723568128	54.9602205150464
rs627966	SNP	rs627966	206	0.48	40922821	67.26	80.76	54.35	39176819	81.4904065372516	67.4644984819116	54.9602540312834
D18S872	STS	GATA51F08	783	0.65	41261182	67.34	80.76	54.77	39515179	81.6121143133377	67.5741965719879	55.0806040273336
D18S972	STS	D18S972	831	0.66	41325633	67.54	80.91	54.77	39579631	81.6284249192969	67.5955546088263	55.1034276749703
rs727055	SNP	rs727055	101	0.46	41356489	67.54	80.91	54.77	39610487	81.6356986958136	67.604826519915	55.1146770814589
rs723823	SNP	rs723823	129	0.37	41382026	67.54	80.91	54.77	39636024	81.6415138416007	67.6104442178673	55.1240479416948
rs1460508	SNP	rs1460508	201	0.44	41473646	67.54	80.91	54.77	39727644	81.6617564494849	67.6366645178667	55.1623969888387
rs1380833	SNP	rs1380833	221	0.5	41497829	67.54	80.91	54.77	39751827	81.6664972569159	67.6439626320232	55.1733364648766
D18S548	STS	GATA4H06	142	0.66	41800666	67.54	80.91	54.77	40054664	81.7495165690638	67.755690540057	55.3254731537725
rs717139	SNP	rs717139	60	0.32	41819425	67.54	80.91	54.77	40073423	81.7550006182286	67.7628466143079	55.3364550556964
rs1983249	SNP	rs1983249	228	0.43	42134447	67.74	80.91	55.04	40388445	81.9061931492406	67.9286629003809	55.5420373702815
D18S1145	STS	AFMA048YG5	1019	0.78	42155976	67.74	81.17	55.04	40409829	81.9253564143182	67.9460784101333	55.5600294282501
D18S454	STS	AFM217YA9	897	0.68	42191449	67.74	81.17	55.04	40445434	81.9531117738513	67.9705401282258	55.5854380779596
rs3324	SNP	WIAF-1811	131	0.41	42296260	67.76	81.2	55.06	40550258	82.0460562529615	68.0528112652344	55.6661875172568
D18S861	STS	ATA28G01	88	0.8	42466545	67.8	81.27	55.08	40720543	82.2382384195529	68.2149568461968	55.809380098386
rs723007	SNP	rs723007	89	0.49	42936668	68.65	82.21	55.86	41190666	83.067321687036	68.7941512168023	56.1718390010172
rs1861900	SNP	rs1861900	51	0.08	43001263	68.65	82.21	55.86	41255261	83.1915575361502	68.8840690084398	56.2267095481805
rs1054986	SNP	rs1054986	243	0.44	43018264	68.65	82.21	55.86	41272262	83.2209543757493	68.9053740374397	56.241486685299
rs2542983	SNP	rs2542983	249	0.46	43029356	68.65	82.21	55.86	41283354	83.240133820772	68.9192741245914	56.2511277655247
D18S1094	STS	AFM147YF2	772	0.68	43074846	68.65	82.21	55.86	41328837	83.3328255303782	68.9781025690053	56.2854740082616
rs1421206	SNP	TSC0622962	121	0.19	43079187	68.65	82.21	55.9	41333185	83.342270766141	68.9837943095568	56.2885295931557
rs1345493	SNP	rs1345493	187	0.35	43127971	68.65	82.21	55.96	41381969	83.439462605017	69.0465921094654	56.3217703275274
rs16809	SNP	rs16809	126	0.44	43329198	69.58	83.84	56.03	41583196	83.8215815926306	69.3055983683085	56.4526018593581
rs17142	SNP	WIAF-3013	126	0.44	43329310	69.6	83.86	56.05	41583308	83.8217969607093	69.3057451518539	56.4526798629407
rs1944333	SNP	rs1944333	225	0.46	43359124	69.66	83.87	56.1	41613122	83.8788465921835	69.3448694282683	56.4730967659181
D18S1143	STS	AFM359TB9	960	0.75	43830342	69.66	83.87	56.1	42084325	84.7989116975033	69.954323190506	56.7286109012813
rs718513	SNP	rs718513	72	0.24	43856267	69.66	83.87	56.1	42110265	84.8351196033988	69.9754973184894	56.7416058269535
D18S1111	STS	AFMA339XB9	481	0.69	43876211	69.66	83.87	56.1	42130077	84.8632545428119	69.9916830160729	56.7524921598734
rs920783	SNP	rs920783	245	0.52	43898428	69.66	83.87	56.1	42152426	84.8948472653403	70.0096206383854	56.765416356204
D18S72	STS	AFM256VD5	398	0.53	43928778	69.66	83.87	56.1	42182657	84.9368048720639	70.037216930772	56.7829168374408
rs1824683	SNP	rs1824683	60	0.49	44149920	69.78	83.92	56.53	42403918	85.241789476013	70.2705699354137	56.9188525565130
rs645631	SNP	rs645631	192	0.4	44251995	70.46	84.85	56.72	42505993	85.3717119677523	70.3728506950547	56.989574984045
rs1073744	SNP	rs1073744	177	0.36	44252274	70.48	84.91	56.75	42506272	85.3721059535757	70.3731387094584	56.9897816752744
rs545344	SNP	rs545344	263	0.54	44367079	70.61	85.13	56.84	42621077	85.5034568519973	70.4901547658274	57.0843572823559
D18S1159	STS	AFM119YA5	138	0.56	44547299	70.61	85.13	56.84	42801296	85.7539109292836	70.7094146984229	57.2389414439882
rs2010834	SNP	rs2010834	249	0.48	44560875	70.61	85.13	56.84	42814873	85.7726037885997	70.7275725951322	57.2512183882781
rs2137289	SNP	TSC1151951	315	0.48	44752125	70.61	85.13	56.84	43006123	86.0494746335815	70.9556707292	57.4104215967097
D18S460	STS	AFM240XA7	854	0.66	44800246	70.65	85.15	56.84	43054241	86.1099683576648	71.0078292846122	57.454769160237
rs1434511	SNP	TSC0648348	278	0.53	44829435	70.65	85.15	56.86	43083433	86.13739448398	71.0378351632028	57.4862635705011
rs953291	SNP	rs953291	191	0.5	44870499	71.02	85.56	56.92	43124497	86.1762270218872	71.0783879001439	57.5219919691499
rs977160	SNP	TSC0290427	270	0.33	44929658	71.02	85.56	57.05	43183656	86.2307157548125	71.136270679792	57.5686631672864
D18S1137	STS	AFMB355YG1	884	0.74	45244256	71.02	85.56	57.07	43498164	86.7348850966742	71.505662028166	57.7828546908328
rs1502609	SNP	rs1502609	208	0.36	45313390	71.54	85.56	57.07	43567388	86.9039205539193	71.6152347461996	57.8237967379993
rs1787190	SNP	rs1787190	274	0.43	45355870	71.74	86.65	57.59	43609868	87.0242350371044	71.6763470205219	57.8483246070834
rs1981	SNP	rs1981	274	0.44	45360991	71.74	86.65	57.59	43614989	87.0365258848313	71.6837270697267	57.8511539783365
rs9955626	SNP	rs9955626	291	0.47	45414921	71.74	86.65	57.59	43668919	87.1644859972878	71.7612760203514	57.8803559928027
rs2000709	SNP	rs2000709	331	0.45	45459514	71.74	86.65	57.59	43713512	87.2648260846444	71.8246977185063	57.9021929191415
rs765213	SNP	rs765213	338	0.45	45469465	71.74	86.65	57.59	43723463	87.2897968528721	71.8388710166257	57.9076491525476
rs17885999	SNP	rs17885999	294	0.5	45517765	71.74	86.65	57.59	43771763	87.4133068564472	71.908964689272	57.9341626149163
rs1944574	SNP	rs1944574	107	0.25	45725263	71.74	86.65	57.59	43979261	88.0940758595387	72.2687912854137	58.0320724117102
D18S970	STS	D18S970	119	0.77	45733913	71.74	86.65	57.59	43987911	88.1255534462082	72.2839412777542	58.0354862767309
rs953570	SNP	rs953570	202	0.45	45734465	71.74	86.65	57.59	43988463	88.1275621893112	72.2849080749532	58.0357041326258
rs1944584	SNP	rs1944584	16	0.04	45781982	71.74	86.65	57.59	44035980	88.301460545244	72.3672686619931	58.0544016142525
D18S1118	STS	AFMB043WG1	967	0.7	45845398	72.49	88.01	57.59	44099335	88.5271070026549	72.4751671736111	58.0791617153578
D18S455	STS	AFM070YD11	614	0.66	45921806	72.61	88.23	57.59	44175702	88.800031211132	72.6079547576274	58.1093146665824
D18S450	STS	AFM191VC7	1025	0.76	46045011	72.61	88.23	57.59	44298981	89.2811954393171	72.821350469063	58.1431497343285
D18S467	STS	AFM107XH6	644	0.73	46348807	73.37	89.65	57.7	44602804	90.567098589049	73.3687665291417	58.1909154655231
rs1319951	SNP	rs1319951	205	0.41	46404813	73.87	91.57	57.7	44658811	90.7955086197904	73.4738327828863	58.1992486807687
rs1873191	SNP	rs1873191	185	0.44	46468251	73.87	91.57	57.7	44722249	91.0943802252465	73.6024483772436	58.2097130784374
rs6507921	SNP	rs6507921	272	0.55	47016218	73.87	91.61	57.7	45270216	92.8842852208754	74.5695171286886	58.4914381498612
rs12970066	SNP	rs12970066	181	0.33	47107152	73.87	91.75	57.7	45361150	93.0137807939178	74.680971250392	58.5545402664968
rs1943984	SNP	rs1943984	31	0.1	47223911	74.21	92.56	57.79	45477909	93.1725725890441	74.8238425309428	58.6206076474434
rs1943985	SNP	rs1943985	84	0.13	47235193	75.04	92.68	58.42	45489191	93.1901000545828	74.8380688690316	58.6263037156622
D18S1126	STS	AFMB306XA9	144	0.82	47356473	75.04	92.68	58.42	45610464	93.3935571817697	74.991353186138	58.6781088807784
rs521861	SNP	rs521861	244	0.44	47371014	75.04	92.68	58.42	45625012	93.4192504574096	75.0101599685848	58.6840128356555
D18S470	STS	AFM276ZA9	131	0.89	47480220	75.24	93.11	58.42	45734215	93.6361410851927	75.1553407688812	58.7242277965485
D18S473	STS	AFM292WG1	90	0.55	47491717	75.33	93.23	58.42	45745688	93.6589539370183	75.1723056513758	58.72882780153
rs1989506	SNP	TSC0058906	36	0.06	47544889	75.33	93.23	58.42	45798887	93.7692067792653	75.245732932207	58.7488908044466
rs1822466	SNP	rs1822466	236	0.5	47745666	75.33	93.23	58.42	45999664	94.1321083424718	75.4963252577105	58.8180770161818
rs1373185	SNP	rs1373185	169	0.46	47745851	75.33	93.23	58.42	45999849	94.1325274242266	75.4965615834761	58.8181310565598
rs768360	SNP	rs768360	210	0.43	47764073	75.33	93.23	58.43	46018071	94.1738058444192	75.5198390326611	58.823453887736
D18S472	STS	AFM284VE1	673	0.57	48003558	75.33	93.23	58.43	46257512	94.7380878515413	75.8376609650805	58.8705884548117
D18S479	STS	AFM312VC5	504	0.62	48061431	75.33	93.23	58.43	46315423	94.8968815588187	75.9136068035129	58.8817766709748
rs2045531	SNP	rs2045531	296	0.47	48087649	75.33	93.23	58.46	46341647	94.969231427893	75.9481086962822	58.886836953847
rs1470325	SNP	TSC0388489	240	0.44	48273291	76.07	94.26	58.46	46527289	95.3813318334751	76.1696519940651	58.9354268595605
D18S363	STS	MFD273	138	0.93	48283179	76.07	94.26	58.46	46537176	95.400833450148	76.1810455925878	58.9393051457921
rs1811455	SNP	TSC0234737	180	0.33	48283649	76.07	94.26	58.46	46537647	95.4016616821792	76.1815761901555	58.9394839290049
rs1530390	SNP	TSC0401741	135	0.26	48315901	76.07	94.26	58.46	46569899	95.4584960214678	76.217986472611	58.9517522613004
D18S845	STS	ATA5B08	464	0.65	48385861	76.07	94.26	58.46	46639815	95.5965025114725	76.2965995889435	58.989954008858
rs1810130	SNP	rs1810130	246	0.45	48402027	76.39	95.72	58.46	46656025	95.6218131669165	76.3145954595589	58.9986675578036
D18S46	STS	CU18-007	191	0.78	48440156	76.39	95.72	58.46	46694153	95.682031363589	76.3569758054046	59.0193081162307
rs584333	SNP	rs584333	270	0.41	48445268	76.39	95.72	58.46	46699266	95.6906807740674	76.3625863700376	59.0221736905663
D18S816	STS	UT5780	11	0.47	48523042	76.39	95.72	58.46	46776988	95.8259810013233	76.4472106577475	59.0614963154916
D18S1110	STS	AFM198TC1	145	0.71	48610146	76.39	95.72	58.46	46864126	95.9884505235693	76.5377925646961	59.107195926639
D18S474	STS	AFM295XH1	271	0.79	48694789	76.39	95.72	58.46	46948679	96.169022671595	76.6332057112098	59.1543689528462
rs1941962	SNP	rs1941962	138	0.41	48745469	76.39	95.72	59.01	46999467	96.264139869371	76.6909901821275	59.192643405414
rs728683	SNP	rs728683	99	0.29	49108997	76.83	95.72	59.01	47362995	96.6682424403997	77.0914440733088	59.6094145225154
D18S1099	STS	AFMA203YF9	578	0.62	49637988	77.55	95.72	60.2	47891983	96.9638644561564	77.8090508867568	60.444852324645
rs724349	SNP	rs724349	50	0.24	49765016	77.55	95.72	60.2	48019014	97.0623171830474	77.9391633652867	60.5832848002902
rs934345	SNP	rs934345	322	0.51	49864861	77.55	95.72	60.2	48118859	97.1977763224782	78.0384519196808	60.6455019075689
rs959655	SNP	rs959655	131	0.29	49878864	77.55	95.72	60.2	48132862	97.2203083725794	78.0514108910539	60.652142721148
rs768207	SNP	rs768207	130	0.27	49878970	77.55	95.72	60.2	48132968	97.220486258296	78.0515018061024	60.6521871009357
rs768206	SNP	rs768206	240	0.44	49879058	77.55	95.72	60.2	48133056	97.220633937004	78.0515772827465	60.6522239445329
D18S846	STS	GAAT1E07	480	0.41	49989187	78.55	97.15	60.43	48243185	97.3892510518505	78.144170040353	60.695744652793
D18S539	STS	GATA3G05	967	0.73	50107421	78.55	97.15	60.43	48361399	97.5408084784798	78.2463866678572	60.7533655812595
rs1144098	SNP	TSC0323227	296	0.39	50126785	78.55	97.15	60.43	48380783	97.5646244050593	78.2627583756414	60.7634571214757
D18S484	STS	AFM326TC9	922	0.66	50129778	78.55	97.81	60.43	48383756	97.5683055178589	78.265288871479	60.7650169221298
rs952835	SNP	rs952835	142	0.39	50431902	78.55	97.81	60.43	48685900	97.9241011568947	78.5358639300122	60.9384284394285
D18S1156	STS	AFMA066WB1	555	0.57	50769034	78.55	97.81	60.43	49022892	98.3987790405517	78.8128245056392	61.0661375714741
rs965943	SNP	rs965943	177	0.49	50857430	78.55	97.81	60.43	49111428	98.518473565554	78.8827440915502	61.0942453016942
rs1394465	SNP	rs1394465	133	0.39	50905076	78.55	97.81	60.43	49159074	98.5677991377861	78.9208303775733	61.1116392138424
rs1394466	SNP	rs1394466	142	0.42	50905206	78.55	97.81	60.43	49159204	98.5679462543795	78.9209315113654	61.1117011024804
rs953121	SNP	rs953121	163	0.43	50938824	78.55	97.81	60.43	49192822	98.6059906054355	78.9470847099915	61.1277055042706
rs869224	SNP	rs869224	210	0.47	50977798	78.55	97.81	60.43	49231796	98.6497168967942	78.9768901920141	61.1472783541549
rs1145315	SNP	TSC0894729	226	0.46	51688955	79.39	98.35	60.43	49942953	99.1615429389056	79.4370080982367	61.5477052253815
D18S487	STS	AFM344TA9	914	0.81	51737709	79.39	98.35	61.35	49991460	99.1703944446288	79.4649351849958	61.5865121265072
rs3730668	SNP	rs3730668	266	0.52	51795847	79.4	98.35	61.35	50049845	99.1801841283484	79.5022571103698	61.6370306712029
rs2276182	SNP	rs2276182	270	0.53	51798047	79.4	98.35	61.35	50052045	99.1805774452822	79.5036760291453	61.6390638805264
rs510482	SNP	TSC0540674	238	0.42	51799218	79.4	98.35	61.6	50053216	99.1807867971593	79.5044312809117	61.6401461023981
rs1344011	SNP	rs1344011	58	0.16	52605188	80.04	98.61	62.2	50756186	99.3717717080907	79.9407473293155	62.2734656621769
D18S35	STS	MFD32	909	0.7	53161334	80.04	98.66	62.2	51312331	99.6338493406706	80.3056781986425	62.7533703457373
D18S1119	STS	AFMB072WF5	815	0.8	53205159	80.04	98.66	62.2	51355989	99.6689344987905	80.3512344718723	62.796761401998
D18S364	STS	MFD261	639	0.79	53303776	80.04	98.66	62.2	51454773	99.7439019626521	80.4441084436328	62.906751110385
D18S1127	STS	AFM057XB4	130	0.77	53371192	80.06	99.35	62.2	51522160	99.7936137305773	80.5163311761488	62.9796206637905
rs1424407	SNP	rs1424407	326	0.46	53689202	80.06	99.35	62.2	51840200	100.060405262286	80.822017075419	63.2944070155381
rs986715	SNP	rs986715	184	0.27	53752193	80.61	99.35	62.79	51903191	100.117550310972	80.8916170540048	63.3631633121869
rs11151567	SNP	rs11151567	102	0.18	53766792	80.61	99.35	62.79	51917790	100.131343475893	80.9079125652569	63.3790734324052
D18S69	STS	AFM248YF1	457	0.77	53842424	80.61	99.35	62.79	51993396	100.204844707914	80.9930473487076	63.4694659766149
rs1792737	SNP	rs1792737	158	0.44	53846367	80.61	99.35	62.79	51997365	100.208108243019	80.997416737881	63.4737398600162
rs917711	SNP	rs917711	230	0.47	53856288	81.27	99.5	63.43	52007286	100.216319638347	81.0084105775944	63.4844933972274
rs1792723	SNP	rs1792723	230	0.46	53866374	81.27	99.5	63.43	52017372	100.224667600577	81.0195872601212	63.495425780688
rs2010962	SNP	rs2010962	250	0.43	53950927	81.27	99.5	63.43	52101925	100.2954428967	81.1153114270697	63.5972323794014
rs652437	SNP	rs652437	267	0.45	54189533	81.27	99.5	63.43	52340531	100.533436636055	81.3706884794285	63.8646440327211
rs663220	SNP	rs663220	278	0.45	54200266	81.27	99.5	63.43	52351264	100.546840548303	81.3824558496412	63.8759585540338
rs625628	SNP	rs625628	277	0.41	54203153	81.27	99.5	63.43	52354151	100.550445979652	81.3856210781704	63.8790019736769
D18S39	STS	D18S39	711	0.81	54216124	81.31	100.25	63.43	52367109	100.566644819284	81.3998421309077	63.8926757513668
rs951097	SNP	rs951097	81	0.21	54384689	81.31	100.25	63.91	52535687	100.777695633952	81.5931114581574	64.0698384649568
D18S18	STS	CRI-L84	119	0.42	54566221	81.87	100.46	63.96	52717218	101.002301635545	81.806471678134	64.2585663564778
rs1437069	SNP	TSC0653419	289	0.49	54673261	81.87	100.48	63.96	52824259	101.144870086158	81.9277534143547	64.3566065434088
D18S1152	STS	AFMA054YG5	696	0.79	54716585	81.87	100.48	63.96	52867517	101.204123797850	81.9750717060753	64.3927790126051
rs732982	SNP	rs732982	269	0.51	54727459	81.87	100.48	63.96	52878457	101.219100504909	81.9867743691943	64.4021082553259
rs1557351	SNP	TSC0444496	267	0.32	54752314	81.87	100.48	63.96	52903312	101.253333174943	82.01352346721	64.4234323612505
rs2111282	SNP	TSC1112557	302	0.37	54866022	81.87	100.48	63.96	53017020	101.41593037783	82.1312125349744	64.5087811704091
D18S858	STS	ATA23G05	272	0.8	54897094	81.87	100.48	63.96	53048092	101.461959151005	82.1610343583309	64.5291072130394
rs741391	SNP	TSC0107425	301	0.42	54899985	81.87	100.48	63.96	53050983	101.466241758602	82.1638090394368	64.530998388028
rs1468886	SNP	TSC0386244	300	0.43	54907660	81.87	100.48	63.96	53058658	101.477734406865	82.1712061607529	64.536025722922
rs741392	SNP	rs741392	236	0.46	54910153	81.87	100.48	63.96	53061151	101.482041038189	82.1737528455719	64.5376897125165
D18S41	STS	D18S41	184	0.71	55006774	81.87	100.67	63.96	53157772	101.640607836508	82.2703376226917	64.5990669719538
rs496544	SNP	rs496544	131	0.27	55030480	81.87	100.67	64.02	53181478	101.679697981327	82.2943991102361	64.6128687174154
D18S381	STS	UT577	34	0.61	55423376	82.49	101.57	64.48	53574360	102.345686809347	82.7150428594112	64.8248929425269
D18S1144	STS	AFMA043XG1	1094	0.88	55568744	83.11	102.48	64.57	53719575	102.580794330885	82.8648264608486	64.8765271613971
rs1977948	SNP	rs1977948	44	0.11	55728318	83.11	102.48	64.57	53879316	102.879073245125	83.032675338615	64.9027830531746
rs1551247	SNP	rs1551247	199	0.41	55929965	83.11	102.48	64.57	54080945	103.317880944589	83.2620016342036	64.9311238589943
rs12606637	SNP	rs12606637	196	0.3	55940124	83.11	102.48	64.57	54091104	103.340959939071	83.2746120609813	64.9325232387712
rs3902163	SNP	rs3902163	333	0.47	55946917	83.11	102.48	64.57	54097897	103.356515309097	83.2832579977996	64.9334754735653
rs6566959	SNP	rs6566959	302	0.49	55978288	83.11	102.48	64.57	54129268	103.428352128336	83.3231861126129	64.93787302365
D18S1117	STS	AFMB026YA9	94	0.56	56547875	83.11	102.48	64.57	54698806	104.859724177230	84.1106612068427	65.0281579557843
rs9958159	SNP	rs9958159	217	0.48	56736360	84.15	104.63	64.57	54887340	105.593978208092	84.564331229454	65.2435244900389
D18S383	STS	UT651	60	0.6	56748366	84.15	104.63	64.57	54899346	105.640268845503	84.5941916411848	65.2603624821066
rs10871763	SNP	rs10871763	100	0.24	56751013	84.43	105.14	64.57	54901993	105.650474685685	84.6007750586304	65.2640748063614
rs721405	SNP	rs721405	194	0.34	56773445	84.43	105.14	64.57	54924425	105.759254464777	84.6739845134138	65.3065390961947
rs1458933	SNP	rs1458933	133	0.39	56773897	84.51	105.36	64.57	54924877	105.761576491923	84.675561361353	65.3074589883084
rs11152124	SNP	rs11152124	185	0.35	56807772	84.51	105.36	64.57	54958752	105.935488662806	84.7935969263026	65.3762230359054
D18S1103	STS	AFMA239YE9	975	0.81	56930163	84.89	105.73	64.86	55081116	106.477104982359	85.1449929438518	65.5590871328026
rs583241	SNP	rs583241	202	0.44	56978855	84.89	106.2	64.86	55129835	106.683473900808	85.2814574921689	65.6351696117706
D18S1155	STS	AFMA065YE9	804	0.63	57063694	85.25	106.2	65.33	55214640	107.067214320848	85.5426043265807	65.7781839096485
rs1557405	SNP	rs1557405	84	0.16	57190812	86.27	106.2	65.76	55341792	107.667119912291	85.9383819871739	66.0117607844135
rs1557404	SNP	rs1557404	76	0.17	57190848	86.27	106.2	65.76	55341828	107.667289181981	85.9384974845479	66.0118327813427
rs1864304	SNP	TSC0857767	395	0.49	57283217	86.27	107.67	65.76	55434197	108.130894008525	86.2708702040102	66.2179353683009
rs2043041	SNP	TSC1060411	55	0.25	57309285	86.27	107.67	65.76	55460265	108.256057998071	86.3603451526182	66.2715743799118
rs1943427	SNP	rs1943427	277	0.45	57404439	86.27	107.67	65.76	55555419	108.763128011809	86.7137871478095	66.5155650913233
D18S64	STS	AFM212XG5	140	0.73	57426048	86.27	107.67	66.22	55577010	108.869777862764	86.7883088858736	66.5637036446889
rs1557390	SNP	rs1557390	232	0.48	57433921	86.27	107.67	66.22	55584901	108.904595012967	86.8139403437409	66.5793529871106
D18S1109	STS	AFMA337WC9	135	0.77	57456296	86.27	107.67	66.22	55607255	109.003545061967	86.886784732129	66.6238282870833
rs952785	SNP	rs952785	151	0.31	57474586	86.27	107.67	66.22	55625566	109.084429817105	86.9463299327376	66.660183738994
rs1943418	SNP	TSC1015473	176	0.31	57479528	86.27	107.67	66.22	55630508	109.106684965206	86.9607339322496	66.6691240535374
rs7228144	SNP	rs7228144	240	0.47	57579027	87.93	110.87	66.59	55730007	109.534389959598	87.244029876531	66.8483036348765
D18S1249	STS	D18S1249	112	0.44	57901685	88.58	110.87	66.59	56052665	110.784121134062	88.0610068439558	67.3751239472113
rs582970	SNP	rs582970	150	0.42	58164459	88.58	110.87	67.43	56315439	111.309661040377	88.4716771540844	67.6729420761004
D18S983	STS	D18S983	66	0.29	58284931	88.58	110.87	67.43	56435911	111.472180970125	88.6532597758067	67.8423550010956
rs1954996	SNP	rs1954996	239	0.45	58326485	88.58	110.87	67.43	56477465	111.543296940204	88.7244919195632	67.8994135660185
rs1079139	SNP	rs1079139	227	0.44	58335360	88.58	110.87	67.43	56486340	111.559130673621	88.7396690243265	67.9117441549437
rs1382392	SNP	rs1382392	45	0.3	58351000	88.58	110.87	67.43	56501980	111.586273038916	88.7658965477366	67.9335325381657
rs1382393	SNP	rs1382393	166	0.41	58351011	88.58	110.87	67.43	56501991	111.586289722933	88.7659133546764	67.933548048319
rs7506775	SNP	rs7506775	239	0.43	58468979	88.58	110.87	67.43	56619959	111.782424436162	88.9556353967429	68.097193509417
rs1840542	SNP	rs1840542	145	0.35	58506261	88.58	110.87	67.47	56657241	111.847049174952	89.0218124063374	68.1569978909507
D18S38	STS	D18S38	815	0.67	58545641	88.92	110.87	67.95	56696560	111.913899482512	89.0784581428803	68.215631031848
rs959763	SNP	rs959763	58	0.37	58646846	88.92	110.87	67.95	56797826	112.098063019374	89.2603681924832	68.3725506715106
D18S1134	STS	AFMB330ZC5	1014	0.73	58721649	88.92	110.87	67.95	56872541	112.24254180102	89.3890635378328	68.4836142636996
D18S1357	STS	ATA7D07	902	0.74	58819862	88.92	110.87	67.95	56970842	112.410927193936	89.5470937363492	68.620038147444
rs950408	SNP	rs950408	204	0.47	58912683	88.92	110.87	67.95	57063663	112.5413336255	89.6691423591806	68.7519763379801
D18S1148	STS	AFMA052VA9	918	0.77	59136564	90.05	112.37	68.74	57287538	112.886220312049	89.9743848168845	69.0080208066042
rs1943329	SNP	TSC1015334	233	0.48	59173893	90.05	112.37	68.74	57324873	112.942308913839	90.0223766095062	69.0414161454962
rs1943330	SNP	TSC1015337	169	0.23	59174759	90.05	112.37	68.74	57325739	112.94410958517	90.0235435664889	69.0419061892699
rs1035000	SNP	TSC0339199	76	0.1	59198708	90.05	112.37	68.87	57349688	112.993906672582	90.0558154519137	69.0554582196799
rs1452586	SNP	TSC0681804	43	0.06	59349085	90.38	112.92	68.87	57500065	113.282376013725	90.2293809287922	69.1408084096242
rs1452584	SNP	TSC0681799	291	0.32	59356774	90.38	112.92	68.87	57507754	113.296014162624	90.2410737730379	69.147861472606
rs1984372	SNP	rs1984372	223	0.51	59407138	90.38	112.92	68.87	57558118	113.391063215507	90.3199418186325	69.1963007428906
D18S1147	STS	AFMA049ZE5	1058	0.85	59411704	90.38	112.92	68.87	57562683	113.399982423187	90.3272123649368	69.200810631413
rs2077791	SNP	rs2077791	133	0.29	59680232	90.38	112.92	68.87	57831212	113.919363635039	90.7314905478254	69.4989227232891
rs586774	SNP	rs586774	184	0.34	59680344	90.38	112.92	68.87	57831324	113.919587214220	90.7316674556156	69.499040454935
rs1506330	SNP	rs1506330	248	0.54	59820008	90.38	112.92	68.87	57970988	114.175073748733	90.8959134789418	69.5850582303673
D18S60	STS	AFM178XE3	90	0.41	59862420	90.55	113.43	68.87	58013302	114.225925548103	90.9309529985483	69.606553213511
rs884205	SNP	rs884205	221	0.43	60054857	90.55	113.43	68.87	58205837	114.382011679594	91.1239275148018	69.8221636942666
rs624821	SNP	rs624821	257	0.56	60562298	91.99	114.57	70.19	58713278	115.171196806204	92.2716933970172	71.2543433788113
rs1481031	SNP	rs1481031	281	0.46	60852085	92.25	114.57	70.86	59003065	115.607015798316	92.8735591264407	72.0264432661486
rs720321	SNP	rs720321	86	0.17	60882650	92.97	114.57	72.06	59033630	115.656429806551	92.9392675109744	72.1066292594745
rs11152374	SNP	rs11152374	174	0.2	60906174	92.97	114.57	72.06	59057154	115.695056857388	92.990304996418	72.1678525511305
rs726511	SNP	rs726511	51	0.09	60912892	92.97	114.76	72.06	59063872	115.706087996969	93.0048803163981	72.1853367406112
rs8084922	SNP	rs8084922	270	0.54	60930521	92.97	114.97	72.06	59081501	115.73461873479	93.0430742052838	72.2310500336593
D18S51	STS	UT574	1161	0.86	60948844	92.97	114.97	72.06	59099657	115.764177726969	93.082759401212	72.2785247002142
D18S1366	STS	D18S1366	22	0.5	60998425	93.25	115.62	72.06	59149405	115.849042644322	93.1910733390143	72.4071525182761
rs1472948	SNP	rs1472948	275	0.49	61088581	93.38	115.71	72.06	59239561	116.001855724727	93.3880410001635	72.647074181966
rs1004	SNP	WIAF-4080	154	0.5	61171590	93.38	115.71	72.06	59322570	116.149714693730	93.575640455631	72.8614332599986
rs715351	SNP	rs715351	166	0.36	61255441	93.38	115.71	72.06	59406421	116.299165818870	93.7467958986728	73.045741150541
rs1403301	SNP	rs1403301	218	0.52	61373865	93.38	115.71	72.06	59524845	116.549802206643	94.0123231368378	73.278662057838
rs1403302	SNP	rs1403302	243	0.48	61374036	93.38	115.71	72.06	59525016	116.550145143881	94.0126850000146	73.2789973522146
rs952857	SNP	rs952857	242	0.41	61374572	93.38	115.71	72.06	59525552	116.551220081657	94.0138192612002	73.2800483334185
D18S814	STS	UT1248	786	0.76	61392516	93.7	115.71	72.89	59543325	116.591680158590	94.0516031256186	73.3117380434188
rs1893563	SNP	rs1893563	245	0.47	61393644	93.7	115.71	72.89	59544624	116.594296945249	94.0539752123644	73.3136728124542
rs931850	SNP	rs931850	156	0.35	61393834	93.7	115.71	72.89	59544814	116.594737716052	94.054374765983	73.3139987044017
D18S42	STS	CU18-003	187	0.75	61424020	94.23	115.71	73.37	59574999	116.664764597348	94.117853321399	73.365774358748
D18S14	STS	CRI-L1156	179	0.59	61435076	94.23	115.71	73.37	59586055	116.689459355793	94.1412942525458	73.3845545912371
rs1243038	SNP	TSC0570804	121	0.18	61496678	94.23	115.71	73.37	59647658	116.821251106789	94.2701105127055	73.4879330153805
D18S68	STS	AFM248YB9	519	0.83	61537695	94.23	115.71	73.37	59688619	116.908222922437	94.352435697961	73.5571014558484
rs1015416	SNP	TSC0097493	157	0.32	61569383	94.23	115.71	73.37	59720363	116.974448983346	94.427404197923	73.6143329844267
D18S346	STS	UT575	52	0.69	61630189	94.23	115.71	73.37	59781157	117.106405006181	94.5538512519387	73.7092450152508
rs2009989	SNP	TSC0084019	237	0.3	61633244	94.23	115.71	73.37	59784224	117.113110259499	94.5599343644251	73.7137825029566
rs1944268	SNP	rs1944268	223	0.46	61647479	94.4	116.11	73.37	59798459	117.142405665489	94.586740458593	73.7379362166234
rs1529340	SNP	rs1529340	257	0.53	61671598	94.72	116.91	73.37	59822578	117.191554700668	94.63177423167	73.7796143443475
rs1460967	SNP	rs1460967	257	0.53	61678401	94.72	116.91	73.37	59829381	117.205417667057	94.644476448107	73.7913700681713
D18S392	STS	UT2039	650	0.89	61686965	94.72	116.91	73.37	59837865	117.222788280623	94.6606051246825	73.8062508128004
rs11661093	SNP	rs11661093	132	0.23	61797464	94.72	116.91	73.37	59948444	117.453886889295	94.9193313199545	74.0122074019446
rs1517162	SNP	rs1517162	217	0.4	61797670	94.72	116.95	73.37	59948650	117.454570687107	94.9199078010209	74.0125920982558
D18S55	STS	AFM122XC1	764	0.82	61873501	94.99	117.36	73.37	60024481	117.664493143815	95.0999091051927	74.1325209381307
rs16790	SNP	rs16790	45	0.12	62143326	95.19	117.36	73.37	60294306	117.944478117214	95.4185084024422	74.533365535579
rs778779	SNP	rs778779	140	0.4	62439333	95.51	117.36	74.61	60590313	118.299912259123	95.8334262304883	75.0448951505254
rs718346	SNP	rs718346	198	0.47	62461704	95.51	117.36	74.61	60612684	118.339327045841	95.8692081076082	75.0838122478235
D18S1113	STS	AFM200VG9	603	0.7	62491739	95.51	117.36	74.61	60642592	118.397727801243	95.915579235038	75.1360698054228
rs723710	SNP	rs723710	204	0.44	62512790	95.51	117.36	74.61	60663770	118.443489772714	95.9507437709358	75.1728247531308
rs728081	SNP	rs728081	107	0.41	62540568	95.58	117.48	74.65	60691548	118.526505081923	96.0096263383982	75.2219273126977
D18S969	STS	GATA69F01	661	0.64	62549060	95.92	117.65	74.96	60700040	118.551883655104	96.0276273018545	75.2369384342991
D18S1142	STS	AFM326ZD5	901	0.74	62589660	96.19	117.86	75.24	60740575	118.658158093243	96.098033941571	75.3113456436935
D18S537	STS	GATA2E06	199	0.64	62803772	96.46	118.25	75.41	60954677	119.238721385305	96.498548118019	75.69599996694
D18S538	STS	D18S538	196	0.64	62803793	96.46	118.25	75.41	60954773	119.238773777748	96.4985925701873	75.6960410363598
D18S465	STS	AFM260YH1	961	0.79	62895935	96.46	118.25	75.41	61046802	119.484000268624	96.6853837701364	75.8728947607526
D18S483	STS	AFM324WC9	973	0.78	62914933	96.46	118.25	75.41	61065854	119.535322742685	96.7230514003017	75.9080147106486
rs470488	SNP	rs470488	226	0.44	63031144	96.91	120.01	75.41	61182124	119.845008441950	96.9605945149094	76.1199008209978
rs470490	SNP	rs470490	249	0.46	63031236	96.91	120.01	75.41	61182216	119.845285044218	96.960797068721	76.1200730223289
rs565973	SNP	rs565973	253	0.47	63082598	96.91	120.01	75.41	61233578	120.001899236387	97.0731802569942	76.21585076254
D18S382	STS	UT600	72	0.6	63380750	97.32	120.01	76.37	61531678	120.769988091583	97.6638519373734	76.7014625540643
D18S875	STS	GATA52H04	636	0.71	63692529	98.16	120.26	76.83	61843509	121.140908138594	98.070377802306	76.9821946406073
rs978418	SNP	rs978418	187	0.42	63761093	98.16	120.66	76.83	61912073	121.194909684285	98.136868801058	77.0339845792329
rs1115947	SNP	rs1115947	129	0.43	63916016	98.16	120.66	76.83	62066996	121.319470298324	98.2832949531965	77.151167878073
rs1388177	SNP	rs1388177	56	0.51	63922616	98.16	120.66	76.83	62073596	121.325697950414	98.2902338512682	77.1569680853904
rs923641	SNP	rs923641	212	0.46	63932798	98.35	120.66	76.83	62083778	121.335305519138	98.300938678566	77.1659162234065
D18S857	STS	ATA23B08	846	0.72	64177792	98.35	120.66	76.83	62328759	121.503066921902	98.5243666280967	77.3525970064481
rs531162	SNP	rs531162	173	0.29	64183766	98.35	120.66	76.83	62334746	121.506362903993	98.5294638181954	77.3562993589204
rs8086758	SNP	rs8086758	266	0.45	64188075	98.35	120.66	76.83	62339055	121.508740270386	98.5331403819945	77.3589698371264
rs2960615	SNP	rs2960615	332	0.46	64210748	98.35	120.66	76.83	62361728	121.520868245389	98.5515089321196	77.3726925128211
rs11872235	SNP	rs11872235	290	0.39	64232759	98.35	120.66	76.83	62383739	121.531931655949	98.5675208255062	77.3854017439081
rs1941737	SNP	rs1941737	281	0.39	64240553	98.35	120.66	76.83	62391533	121.535849161828	98.5731905677739	77.389902027725
D18S1367	STS	D18S1367	858	0.71	64552223	98.35	120.66	76.83	62703136	121.645171087327	98.714353514966	77.5047942475365
rs1157329	SNP	rs1157329	249	0.47	64645270	98.35	120.66	76.83	62796250	121.693130900296	98.7619467141667	77.5389547688376
D18S477	STS	AFM301XF5	776	0.65	65103516	98.93	121.29	77.36	63254495	122.433219088751	99.3658745241222	77.97699323622
rs1480679	SNP	rs1480679	259	0.42	65228411	98.93	121.29	77.36	63379391	122.714533205768	99.5877789978437	78.1225770472815
rs393881	SNP	rs393881	345	0.5	65276581	98.93	121.29	77.62	63427561	122.818290440667	99.677895395216	78.1832714543752
rs1373369	SNP	rs1373369	246	0.47	65277631	98.93	121.29	77.62	63428611	122.820563575340	99.6798751568418	78.1845977977485
rs894910	SNP	rs894910	210	0.46	65288719	99.66	122.42	77.62	63439699	122.844745313468	99.6996204506814	78.1976481985557
rs764133	SNP	rs764133	184	0.46	65290714	99.77	122.42	77.85	63441694	122.849113329449	99.7030609905278	78.1999039814542
rs1824484	SNP	rs1824484	195	0.52	65525206	99.77	122.55	77.85	63676186	123.40472791952	100.148586292918	78.5117125612117
rs491544	SNP	rs491544	126	0.28	65525371	99.77	122.55	77.85	63676351	123.405118236576	100.148917797657	78.5119501822528
rs726523	SNP	rs726523	102	0.34	65595918	100.56	122.55	78.83	63746898	123.583604758728	100.297031348723	78.6162852469698
D18S979	STS	GATA92C08	799	0.68	65910209	100.75	123.75	78.83	64061189	124.495865208696	101.040567555882	79.1551662760818
rs593418	SNP	TSC1014843	248	0.52	65929231	101.01	124.07	78.83	64080211	124.545660880817	101.078966621062	79.1921378787118
rs664144	SNP	TSC0070757	282	0.51	65933548	101.18	124.07	78.83	64084528	124.556961896301	101.087681202303	79.2005285005472
rs543105	SNP	TSC1014882	169	0.35	65940897	101.18	124.07	78.83	64091877	124.576200062342	101.102516378941	79.2148121882629
rs652238	SNP	rs652238	137	0.4	65958625	101.18	124.07	78.83	64109605	124.616702605802	101.138261947998	79.2502376255073
rs1351616	SNP	rs1351616	180	0.47	65975738	101.18	124.07	78.83	64126718	124.650823795524	101.172732635667	79.2852505267454
rs1547548	SNP	TSC0429182	146	0.24	66193844	101.18	124.07	78.83	64344824	125.161003702984	101.620186083624	79.6943548433993
D18S19	STS	D18S19	296	0.5	66252788	101.18	124.07	78.83	64403767	125.299697471360	101.735494936101	79.7942653243631
D18S466	STS	AFM094YE5	517	0.57	66424036	101.53	124.91	78.83	64574879	125.727615844149	102.060070436334	80.059256382938
rs952238	SNP	rs952238	152	0.5	66615189	102.35	125.48	80.16	64766169	126.205347341658	102.415962934632	80.3434808903419
D18S1373	STS	D18S1373	816	0.74	66723780	102.35	125.48	80.16	64874759	126.471311130962	102.596210998839	80.4854310744665
D18S1131	STS	AFMB326XG9	932	0.76	66815946	102.51	125.69	80.34	64966865	126.691937841025	102.753761822246	80.5938237571069
rs2032245	SNP	rs2032245	154	0.39	66857863	102.51	125.69	80.65	65008843	126.78999745609	102.822897200219	80.642898180827
D18S5	STS	OS-4	237	0.31	66886913	102.81	125.69	80.65	65037892	126.858126021237	102.867974834944	80.6777163715631
rs967975	SNP	rs967975	154	0.41	67062025	102.83	125.86	80.65	65213005	127.262111859859	103.140809187078	80.8688930177623
D18S1092	STS	AFMA112WE9	484	0.52	67254913	102.83	125.86	80.65	65405890	127.697919482454	103.423139887010	81.0616428919318
D18S817	STS	D18S817	503	0.52	67429211	103.72	127.77	80.65	65580098	128.074391039293	103.681355987981	81.1949503220305
D18S61	STS	AFM193YF8	309	0.84	67436119	103.72	127.77	80.65	65587036	128.086908670663	103.691655263815	81.1996126234288
rs882113	SNP	TSC0218700	96	0.16	67466068	103.72	127.77	80.65	65617048	128.163366380448	103.737168491561	81.2077088367745
rs882114	SNP	TSC0218701	238	0.28	67466881	103.72	127.77	80.65	65617861	128.165495018684	103.738406062683	81.207899617767
rs4891781	SNP	rs4891781	269	0.48	67524646	103.72	127.77	80.65	65675626	128.301819394391	103.824308819895	81.2206344209582
rs1539964	SNP	rs1539964	211	0.4	67625285	103.72	127.77	80.65	65776265	128.532734174371	103.968476241325	81.2373340088421
rs2304378	SNP	rs2304378	185	0.37	67687860	103.72	127.77	80.65	65838840	128.677678063322	104.050483942510	81.2462518932619
rs1369290	SNP	rs1369290	22	0.05	67691520	103.72	127.77	80.83	65842500	128.686015266835	104.055073397918	81.2467678666817
D18S1125	STS	AFMB304YB9	120	0.67	68732910	104.56	129.16	80.87	66883860	130.581884771591	105.143071049947	81.5783029000099
ATA82B02	STS	ATA82B02	693	0.81	68913518	105.4	130.55	80.87	67064497	130.853685294012	105.377458217102	81.8222404665298
rs1378143	SNP	rs1378143	143	0.27	69070856	105.87	131	81.33	67221836	131.144924279457	105.586222295220	81.9926035741553
D18S848	STS	GATA27H10	693	0.6	69300793	105.87	131.02	81.62	67451773	131.608762601104	105.951313439759	82.2479079199606
rs1942399	SNP	rs1942399	253	0.53	69342915	105.9	131.02	81.85	67493895	131.694264303731	106.017337379773	82.2987248237757
D18S390	STS	UT1227	55	0.56	69376586	105.9	131.02	81.85	67527566	131.758213308994	106.067284868791	82.3444498445198
D18S1361	STS	D18S1361	73	0.55	69376598	105.9	131.02	81.85	67527578	131.758236099766	106.067302669565	82.3444661404495
D18S488	STS	AFM344ZF1	145	0.89	69404487	105.9	131.02	81.85	67555441	131.812007566668	106.110929241928	82.3816855319628
rs1159810	SNP	TSC0329844	236	0.38	69438309	105.9	131.02	81.85	67589289	131.87814025808	106.166424812038	82.4260729432642
D18S1091	STS	AFMA112WB5	488	0.45	69456773	105.9	131.02	81.85	67607678	131.918469311894	106.197810218964	82.4471216567749
rs1394984	SNP	rs1394984	212	0.44	69483348	105.9	131.02	81.85	67634328	131.977791516949	106.243312059730	82.4764548748458
rs1879682	SNP	TSC0890490	308	0.44	69497241	105.9	131.02	81.85	67648221	132.008431370477	106.266931379151	82.492258757243
rs1394986	SNP	TSC0570012	133	0.19	69523371	105.9	131.02	82.93	67674351	132.064530538792	106.310664673231	82.5239048055328
rs966204	SNP	rs966204	184	0.42	69713869	106.63	131.06	82.93	67864849	132.514828828295	106.662055618973	82.779382912326
D18S485	STS	AFM330YD9	817	0.75	69821499	106.63	131.43	82.93	67972247	132.744862477746	106.857845774020	82.9537137962632
D18S1106	STS	AFM038XD8	667	0.66	69845449	106.63	131.43	82.93	67996318	132.793313917315	106.90391451864	82.9956141103936
rs966352	SNP	rs966352	163	0.37	69846671	106.63	132.15	82.93	67997651	132.795786053397	106.906265082562	82.9977519886344
D18S541	STS	GATA10A09	658	0.74	70174190	107.11	132.29	82.93	68325170	133.578018035442	107.574627855202	83.5956696303673
D18S1269	STS	D18S1269	79	0.61	70212163	107.6	133.23	82.93	68363143	133.674033508270	107.659413045839	83.6706434412094
rs1367996	SNP	rs1367996	109	0.25	70215029	107.6	133.23	82.93	68366009	133.681926932859	107.666038655201	83.6759431395832
rs1367993	SNP	rs1367993	22	0.05	70215279	107.6	133.23	82.93	68366259	133.682615473036	107.666616604378	83.6764054300903
D18S1358	STS	D18S1358	655	0.63	70220655	107.6	133.23	82.93	68371632	133.697421841003	107.679044823474	83.6863465251557
rs1942446	SNP	rs1942446	252	0.35	70442861	107.6	133.23	82.93	68593841	134.271007174393	108.196865923183	84.1879019507902
rs4892047	SNP	rs4892047	152	0.24	70484827	107.6	133.23	82.93	68635807	134.388577918094	108.295918847061	84.2911302292148
rs1943664	SNP	rs1943664	235	0.46	70538889	107.6	133.23	82.93	68689869	134.532350235577	108.422535535406	84.4249894867154
rs1477489	SNP	rs1477489	161	0.33	70758815	109.65	134.97	85.55	68909795	134.908132356476	108.907874923367	85.2182664656007
D18S43	STS	CU18-004	982	0.77	70800201	109.65	134.97	85.55	68951180	134.989781283722	109.015772929396	85.3799836315182
D18S850	STS	GATA53B01	73	0.61	71223316	109.65	134.97	86.75	69374296	136.444596173433	110.387273111936	86.7320314667585
rs1943857	SNP	TSC1016195	297	0.45	71294055	109.65	134.97	86.81	69445035	136.731049072679	110.641525106599	86.9226589382129
D18S469	STS	AFM116YG11	684	0.66	71304087	109.65	134.97	86.81	69455057	136.791850286349	110.683044308229	86.9395803535604
rs1430553	SNP	rs1430553	175	0.38	71447865	110.66	134.97	86.81	69598845	137.583430769736	111.276724092269	87.2322086518413
rs720513	SNP	rs720513	94	0.38	71502183	110.66	135.29	86.81	69653163	137.830210028652	111.481987128962	87.3699640187426
D18S874	STS	GATA52A09	556	0.54	71508493	110.66	136.67	86.81	69659473	137.857792177698	111.505600299214	87.3856925903528
rs2872	SNP	WIAF-801	73	0.33	71574407	110.75	136.68	86.93	69725387	138.160434113533	111.754794060383	87.5418829487788
rs728714	SNP	rs728714	99	0.38	71597105	112.3	137.58	87.15	69748085	138.271763290625	111.841845867068	87.5916960986721
GATA8C07	STS	GATA8C07	162	0.84	71641822	112.94	139.49	87.15	69792802	138.492791161725	112.020888440949	87.6914637944437
rs1113144	SNP	rs1113144	42	0.11	71774786	112.96	139.49	87.15	69925766	139.135998389690	112.558548324642	88.0015394859845
D18S486	STS	AFM333WD5	97	0.33	71938857	112.96	139.49	87.15	70089826	139.721749624666	113.175970336364	88.4286905627858
rs1558948	SNP	rs1558948	250	0.37	71953591	112.96	139.49	87.39	70104571	139.783249200206	113.231204464313	88.4691201629714
rs8098783	SNP	rs8098783	253	0.41	72031142	113.22	139.49	87.96	70182122	140.111651884158	113.528818332299	88.692000006016
D18S58	STS	AFM164XE3	723	0.66	72044458	113.22	139.49	87.96	70195435	140.167495597799	113.580187736645	88.7335273595435
rs1365251	SNP	rs1365251	258	0.46	72055824	113.22	139.49	87.96	70206804	140.215161537214	113.624034586285	88.7689734319522
D18S1161	STS	AFMA085YF1	755	0.81	72248437	114.38	141.05	88.84	70399261	141.134958958331	114.430982005732	89.3279811921551
rs7228254	SNP	rs7228254	304	0.4	72493161	114.52	141.34	88.84	70622149	142.08924405476	115.310758931795	90.259101601845
rs2404475	SNP	rs2404475	300	0.39	72516949	115.33	141.34	90.36	70645937	142.174161724991	115.387495274681	90.3460913499874
rs966123	SNP	rs966123	61	0.15	72538424	115.67	141.34	90.57	70667412	142.244671234263	115.455629574864	90.4238750524412
rs966122	SNP	rs966122	8	0.01	72538519	115.67	141.34	90.57	70667507	142.244972471640	115.455929003613	90.4242178499459
rs906507	SNP	TSC0185835	92	0.22	72760721	115.67	141.34	90.57	70889709	142.928535216012	116.146331979029	91.2001678374281
rs906515	SNP	TSC0185844	333	0.4	72787386	115.67	141.34	90.57	70916374	143.004425914286	116.225593676295	91.2977989689224
rs1396097	SNP	TSC0572563	227	0.29	72815236	115.67	141.86	90.57	70944224	143.078383798410	116.305994784861	91.4017697759092
D18S1112	STS	AFMA350WH5	893	0.71	72830018	115.67	141.86	90.57	70959005	143.117638571951	116.348669441479	91.4569545683286
D18S815	STS	UT1438	31	0.79	72833676	115.67	141.86	90.57	70962574	143.126689323506	116.359003794162	91.4707384512006
D18S1121	STS	AFMB077ZD1	852	0.72	72848417	115.67	141.86	90.57	70977404	143.161963645308	116.400240775937	91.5265153710817
D18S1371	STS	GATA177C03	736	0.71	73110748	117.29	143.65	92.13	71239724	143.751722108207	117.138305100199	92.5069254219381
rs724764	SNP	rs724764	265	0.42	73139742	117.29	143.65	92.13	71268730	143.821812105706	117.221736130074	92.6051786731962
D18S380	STS	UT576	64	0.55	73178102	117.35	143.65	92.75	71307083	143.913476471570	117.319852486965	92.7261785523844
rs952058	SNP	rs952058	247	0.43	73285316	117.94	144.16	93.23	71414304	144.162188411912	117.584140463871	93.058241071295
rs724879	SNP	rs724879	219	0.47	73815241	117.94	144.16	93.25	71944229	145.307129591696	118.852812276798	94.770175433437
rs724881	SNP	rs724881	133	0.23	73815538	117.94	144.16	93.25	71944526	145.307734494047	118.853608028506	94.7712065453928
rs690654	SNP	rs690654	129	0.25	74049614	119.69	144.5	94.24	72178602	145.743222761917	119.502661685185	95.604027390469
D18S1009	STS	AFMA037ZC9	889	0.68	74057775	119.69	144.5	95.96	72186606	145.759855893514	119.52859115151	95.6365002179422
rs600558	SNP	rs600558	15	0.03	74079630	119.69	144.5	95.96	72208618	145.807879191269	119.606653659542	95.7284371909476
rs2042717	SNP	rs2042717	263	0.49	74194197	119.71	146.06	95.96	72323185	146.103902734037	120.038852183711	96.225228249885
D18S844	STS	ATA1H06	220	0.77	74354684	119.71	146.06	95.96	72483672	146.511218841527	120.595293802295	96.901947060061
rs2102417	SNP	rs2102417	259	0.46	74386637	119.71	146.06	95.96	72515625	146.595402190442	120.720494958698	97.0466339490107
D18S1097	STS	AFM029XC9	416	0.51	74779944	122.05	146.06	98.37	72908892	147.805349278942	122.241588531513	98.7724236507215
rs7244713	SNP	rs7244713	233	0.36	74821499	122.05	146.89	98.37	72950487	147.910877001440	122.378854949105	98.9481950996304
rs9319657	SNP	rs9319657	276	0.49	74832757	122.05	146.89	98.37	72961745	147.939275890168	122.415698594685	98.9958104714524
rs1450190	SNP	rs1450190	278	0.47	74837656	122.05	146.89	98.37	72966644	147.951312667923	122.432267033740	99.0164154344537
rs4890901	SNP	rs4890901	220	0.45	74846355	122.61	147.5	98.37	72975343	147.972466651546	122.462052880880	99.0529243437733
D18S1115	STS	AFMB015XF5	250	0.33	74982399	122.61	147.5	99.04	73111343	148.290513390127	122.931640830681	99.6358896661062
D18S554	STS	AFM296WD5	1136	0.86	75043172	122.61	147.5	99.04	73172127	148.441907865331	123.150930925066	99.9057090154916
rs948721	SNP	TSC0374213	136	0.15	75056906	122.61	147.5	99.04	73185894	148.478943196533	123.197600465080	99.9664182281104
rs1944566	SNP	TSC1017611	139	0.34	75077318	122.61	147.82	99.04	73206306	148.533986532815	123.266962533726	100.056646599158
D18S50	STS	CU18-009	156	0.67	75103346	123	147.82	99.04	73232333	148.599358634504	123.352756984832	100.167640540987
D18S462	STS	AFM079XB3	795	0.73	75135453	123.93	148.53	100.63	73264439	148.673508084473	123.455015496428	100.299086463270
rs1942578	SNP	rs1942578	115	0.5	75193013	124.07	148.53	100.63	73322001	148.790787355205	123.638556809052	100.529991233695
rs1942584	SNP	TSC1013993	183	0.2	75199331	124.07	148.53	100.63	73328319	148.802861662087	123.657647306152	100.555799032019
rs1472672	SNP	TSC0392105	260	0.46	75439240	124.07	148.53	100.75	73568228	149.224315030150	124.373391473859	101.543833171156
rs1393722	SNP	rs1393722	222	0.6	75460937	124.07	148.53	100.75	73589925	149.259662494130	124.437545092110	101.631769339821
rs924982	SNP	TSC0240535	72	0.11	75497392	124.07	148.53	100.75	73626380	149.317691208597	124.5447098385	101.779608664397
rs1506270	SNP	TSC0755720	365	0.5	75522640	124.07	148.53	100.75	73651628	149.356491783737	124.618087597987	101.882386108747
rs1506260	SNP	rs1506260	133	0.43	75541168	124.51	148.53	101.64	73670156	149.384751183579	124.671805349544	101.957867958249
D18S461	STS	AFM240YD2	866	0.74	75643632	124.51	148.53	101.64	73772593	149.529944933123	124.967146084312	102.380559821929
rs1587893	SNP	rs1587893	171	0.4	75938925	124.51	148.53	101.64	74039913	149.860798896601	125.701127317301	103.580135947989
rs1944014	SNP	rs1944014	92	0.25	76025123	126.17	148.53	104.22	74126111	149.936899260661	125.914812357097	103.922537870132
D18S1122	STS	AFMB080ZF9	731	0.73	76085863	126.17	149.44	104.22	74186646	149.988177485390	126.061265074852	104.162010692654
rs1866338	SNP	rs1866338	237	0.49	76302601	126.17	149.44	104.22	74403589	150.147790118935	126.567421285361	105.011104993306
D18S1268	STS	D18S1268	51	0.84	76323042	126.17	149.44	104.22	74424030	150.162219908910	126.614577841385	105.090863358330
D18S1141	STS	AFM297YH9	347	0.71	76923686	128.17	149.48	107.69	75024646	150.499161898526	127.943762289486	107.448140318315
rs3591	SNP	WIAF-2351	132	0.47	77138068	128.17	149.77	107.69	75239056	150.574952617868	128.395570478615	108.288995700028
rs476897	SNP	rs476897	74	0.18	77166453	128.17	149.77	107.69	75267441	150.583282203921	128.458858153279	108.399749422363
D18S1095	STS	AFMA131WH5	109	0.8	77248232	128.17	149.77	107.69	75349215	150.604067882537	128.620128041479	108.724536357554
rs1078634	SNP	TSC0139832	194	0.33	77268694	128.17	149.77	107.69	75369682	150.60888594432	128.661238920808	108.802002906618
rs599554	SNP	rs599554	176	0.33	77473086	128.74	149.77	108.9	75574074	150.643135760141	129.058793583710	109.596213728436
rs503347	SNP	rs503347	207	0.53	77491280	128.74	149.77	108.9	75592268	150.645548294446	129.093440233459	109.664935139351
rs11081560	SNP	rs11081560	252	0.47	77509825	128.74	149.77	108.9	75610813	150.648006569082	129.129003564503	109.735475210346
rs1430597	SNP	rs1430597	123	0.2	77725699	129.62	149.98	110.47	75826687	150.723535579772	129.545735572143	110.570463140690
D18S1390	STS	D18S1390	890	0.74	77851921	129.62	149.98	110.47	75952908	151.009113401587	129.766680486288	110.963189582944
D18S70	STS	AFM254VD5	1570	0.89	77864248	129.62	149.98	110.47	75965205	151.033073094047	129.787269771835	110.980795433591
