Markers_name	Type	Alias	Informative_meioses	Heterozygosity	Build37_map_physical_position	Sex.averaged_map_position	Female_map_position	Male_map_position	Build36_map_physical_position	Female_map_position_smoothed	Sex.averaged_map_position_smoothed	Male_map_position_smoothed
D16S521	STS	AFMA139WG1	784	0.76	94296	0	0	0	34245	0	0	0
rs8466	SNP	rs8466	143	0.33	97354	0	0	0	37354	0.00387201621482988	0.00454789533794697	0.00378878148788564
D16S3399	STS	D16S3399	86	0.69	145245	0	0	0	85245	0.0645112341822655	0.0757719815477635	0.0631244695965598
rs2974771	SNP	rs2974771	291	0.49	221057	0	0	0	161057	0.123516754583080	0.373733081177627	0.593350619732543
16PTEL06	STS	D16S3401	934	0.83	231931	0	0	0	171930	0.131458273421087	0.419302511101137	0.677899396409357
rs1211375	SNP	rs1211375	235	0.47	240280	0	0	0	180281	0.137555729810504	0.454290479689639	0.74281550239379
rs1203957	SNP	rs1203957	135	0.26	241210	0	0	0	181211	0.138234929048995	0.458187810003127	0.750046545460687
rs1203974	SNP	rs1203974	247	0.46	277458	0	0	0	217459	0.164724094660811	0.610031406152473	1.03178185633352
rs2858003	SNP	rs2858003	311	0.48	342191	0	0	0	282192	0.212885442042043	0.877250115956766	1.52947477962922
rs926694	SNP	rs926694	225	0.53	527961	0	0	0	467962	0.344340978157004	1.62940263627759	2.91474460435853
rs3213574	SNP	rs3213574	315	0.55	601632	0.36	0	0.77	541633	0.399386891208781	1.91654780326008	3.45633300935491
rs4984892	SNP	rs4984892	247	0.42	622325	1.74	0.4	2.47	562326	0.414955647636868	2.00015958853489	3.60676630323867
rs4984761	SNP	rs4984761	259	0.45	1113695	3.42	0.4	6.76	1053696	0.793923231051216	3.80507124093513	6.92407552220111
rs2738893	SNP	rs2738893	246	0.47	1269029	3.42	0.4	6.76	1209030	0.913898698594166	4.32934131001851	7.88337928317834
D16S3024	STS	AFMA134XC1	163	0.89	1654203	6.18	1.5	11.15	1594203	1.21448831809538	5.54694613323487	10.0968918983709
D16S3395	STS	D16S3395	110	0.7	2001697	6.18	1.5	11.15	1941698	1.50015669977901	6.51586355114649	11.8246178075356
rs758335	SNP	TSC0104580	190	0.24	2011126	6.18	1.5	11.15	1951127	1.50751711231654	6.53551264543413	11.8607873278177
rs7187438	SNP	rs7187438	219	0.4	2120402	6.18	1.5	11.15	2060403	1.58813413481166	6.74866548140419	12.2407000071840
rs1748	SNP	rs1748	47	0.19	2138269	6.18	1.5	11.15	2078270	1.60274556458899	6.78203846722079	12.2950236990217
D16S3394	STS	D16S3394	67	0.42	2138799	6.18	1.5	11.15	2078800	1.60317899257253	6.78302843097983	12.2966351366818
rs1126	SNP	WIAF-1628	86	0.49	2262113	6.18	1.5	11.15	2202114	1.70358864084156	6.97867367763602	12.6498645413942
D16S3124	STS	AFM361TE9	435	0.61	2447585	6.18	1.5	11.15	2387563	1.84710773870971	7.27546897759247	13.129810768293
D16S283	STS	SM7	268	0.65	2567684	7.02	1.5	12.85	2507684	1.92979906373906	7.44202312896418	13.4096020546621
rs1034709	SNP	rs1034709	84	0.17	2941320	7.08	1.5	12.85	2881321	2.14928093233832	8.0279761314724	14.4405745594125
rs1063677	SNP	rs1063677	224	0.46	2945248	7.09	1.5	13.34	2885249	2.1512623753248	8.03391342032154	14.4509743662185
rs757165	SNP	rs757165	316	0.42	2963317	7.09	2.28	13.34	2903318	2.16048122169116	8.05952560463828	14.4960641457631
D16S3070	STS	AFMA353YH1	172	0.78	3093867	7.87	2.28	14.05	3033728	2.22701917794596	8.24208174299677	14.8331177798279
D16S3082	STS	AFMB070YG5	170	0.87	3117181	7.87	2.28	14.05	3057144	2.24015704427765	8.27688441618405	14.8960054381839
rs909410	SNP	TSC0190485	378	0.51	3165425	7.87	2.28	14.05	3105426	2.26539058193837	8.35572806802901	15.0344722817634
D16S676	STS	UT5147	86	0.6	3209345	7.87	2.28	14.05	3149346	2.28914602273562	8.4312505764733	15.1638512011939
D16S2618	STS	ATA42A06	51	0.63	3252609	7.87	2.28	14.05	3192609	2.31329125177846	8.50749729086021	15.2934624037449
D16S2617	STS	D16S2617	36	0.57	3252632	7.87	2.28	14.05	3192633	2.31330334694771	8.50753689648852	15.2935332997244
rs1834026	SNP	TSC0628831	467	0.55	3254470	7.87	2.28	14.05	3194471	2.31426990873332	8.51070190278567	15.2991988132150
rs11228	SNP	TSC0081970	298	0.51	3272391	7.87	2.28	14.05	3212392	2.32369414908147	8.54156157517481	15.3544391109655
rs2075852	SNP	rs2075852	350	0.57	3282605	7.87	2.28	14.05	3222606	2.3290654559793	8.5591499181123	15.3859230907225
D16S475	STS	UT581	639	0.84	3470509	8.69	2.28	15.65	3410330	2.42593048630853	8.88020512942519	15.956566647899
rs2736	SNP	WIAF-506	62	0.35	3536872	8.69	2.28	15.65	3476873	2.45780195365351	8.99798162582432	16.1582460911535
D16S2942	other	D16S2942	23	0.09	3708039	8.69	2.28	15.65	3648039	2.522161136599	9.32362695503525	16.7128441794652
D16S2622	STS	GATA73G05	654	0.58	3709723	8.69	2.28	15.65	3649719	2.52254616306922	9.32701298846072	16.7184790245173
rs129963	SNP	rs129963	269	0.49	3796147	8.69	2.28	15.65	3736148	2.54082739596947	9.47079179204237	16.9849368295272
D16S3065	STS	AFMA323YF5	834	0.74	3822269	8.69	2.28	15.65	3762170	2.54510526139146	9.5141333764679	17.0609247442005
D16S3027	STS	AFMA154WC9	465	0.88	4050872	9.38	2.28	17.16	3990833	2.58006718644563	9.82668415711863	17.6556316548247
rs731471	SNP	rs731471	250	0.51	4136157	9.38	2.54	17.16	4076158	2.59443988350099	9.92916049517256	17.8676145172119
D16S3084	STS	AFMB080YH5	137	0.85	4270248	9.63	2.57	17.16	4210062	2.62802250461323	10.0777697491879	18.1590191999636
rs2386885	SNP	rs2386885	292	0.55	4280176	9.71	2.57	17.16	4220177	2.63098236186691	10.0880264565206	18.1788915029278
D16S3072	STS	AFMB015WA9	888	0.8	4334728	9.71	2.57	17.16	4274728	2.65069650636489	10.1478490178601	18.2953063037352
rs1362626	SNP	rs1362626	183	0.47	4549226	9.71	2.57	17.3	4489227	2.73106953122318	10.3734794294158	18.6983906847128
rs1362627	SNP	rs1362627	25	0.07	4551505	9.71	2.57	17.71	4491506	2.73175997408246	10.3758441209830	18.7024385160469
rs859302	SNP	rs859302	233	0.5	4780262	9.71	2.57	17.71	4720263	2.79828171657696	10.6109454585037	19.0760352571938
rs9930069	SNP	rs9930069	315	0.47	5070502	10.16	2.92	18.25	5010503	3.20271846866106	10.8767686060583	19.3251694446819
rs1127920	SNP	rs9674145	277	0.45	5097947	10.16	2.92	18.25	5037948	3.25168556699561	10.9144824454652	19.3574901557922
D16S3134	STS	AFMA059WF9	94	0.72	5224471	10.16	3.8	18.25	5164461	3.60576052249424	11.1396706185654	19.5124459591776
rs1919057	SNP	rs1919057	154	0.36	5356740	11.71	3.85	19.63	5296741	4.05422220434158	11.4719911194312	19.7493252196361
rs1878543	SNP	rs1878543	160	0.52	5495968	11.71	3.85	19.63	5435969	4.64127465737419	11.8090193900788	20.1172827638927
rs1352150	SNP	rs1352150	156	0.35	5544444	11.71	3.85	19.63	5484445	4.83449361813753	11.9991205164212	20.2935861482548
rs1386067	SNP	rs1386067	70	0.22	5548618	11.71	3.85	19.63	5488619	4.85113063320119	12.015489072023	20.3087666566781
D16S510	STS	AFM312VD5	150	0.71	5741892	12.05	3.85	19.63	5681892	5.79321307170427	12.8016422496661	21.041331918099
rs929469	SNP	TSC0254653	354	0.38	5789629	12.05	6.8	19.63	5729630	6.05928778483157	13.0134397037337	21.2335742509051
rs726240	SNP	rs726240	172	0.34	5831291	12.05	6.8	19.63	5771292	6.27077776766148	13.2327483162710	21.4562299793194
rs1012259	SNP	rs1012259	264	0.48	5952909	12.05	6.8	19.87	5892910	6.86641746783742	13.8905697220138	22.1210413787789
rs2043631	SNP	rs2043631	180	0.38	5966362	12.05	6.8	19.87	5906363	6.93053382474524	13.9629407500611	22.1987197925117
D16S423	STS	AFM249YC5	1141	0.76	6043155	13.97	7.11	21.19	5983155	7.29606682723795	14.3531859003769	22.6001207725789
rs1424125	SNP	rs1424125	131	0.43	6062553	13.97	7.11	21.19	6002554	7.38550485267511	14.4504842781732	22.6986791089069
rs1035564	SNP	rs1035564	210	0.41	6110547	14.34	8.38	21.46	6050548	7.60240502737878	14.6874369616053	22.9472442351657
D16S2616	STS	D16S2616	125	0.73	6272627	15.99	8.38	24.2	6212627	8.31471634721872	15.4944769412264	23.8413154661513
rs933478	SNP	TSC0349587	191	0.37	6284149	15.99	8.38	24.2	6224150	8.36457270117963	15.5554272411358	23.9111958896441
rs716508	SNP	TSC0006754	260	0.52	6336912	15.99	8.38	24.2	6276913	8.58365519010756	15.8403374590597	24.2422483332606
rs725153	SNP	TSC0056890	205	0.27	6338254	15.99	8.38	24.2	6278255	8.58898203310281	15.847691404567	24.2507747696441
D16S3392	STS	D16S3392	647	0.66	6365493	15.99	8.38	24.2	6305330	8.67423673997916	16.0069637049133	24.4337417759478
D16S506	STS	AFM297YG5	533	0.57	6662951	17.11	9.29	25.41	6602738	9.2208215797688	17.5742461004429	26.4503880358129
rs2993	SNP	WIAF-924	157	0.45	6692461	17.11	9.29	25.41	6632462	9.23286214659083	17.6735224206425	26.6065191947439
D16S3042	STS	AFMA205WA9	805	0.65	6725971	17.11	9.29	25.41	6665971	9.24566806672535	17.7332011680044	26.7166305913195
D16S3135	STS	AFMA059XC1	1029	0.8	6809410	17.42	9.29	26.01	6749353	9.27873963941461	17.8523303252875	26.9557142216020
rs953393	SNP	rs953393	133	0.33	6919984	17.42	9.29	26.01	6859985	9.33195261157267	18.0327525911128	27.2605835724427
D16S3030	STS	AFMA175XH1	911	0.75	7005217	17.53	9.29	26.25	6945127	9.38412877283294	18.1555615827645	27.4657639821419
D16S3058	STS	AFMA301WG9	182	0.81	7015266	17.53	9.29	26.25	6955082	9.39222950421663	18.1704074353347	27.4853730705325
D16S3128	STS	AFMA044TA9	766	0.83	7037383	17.53	9.29	26.25	6977326	9.41005852959358	18.2030819025747	27.5285310173862
rs2346242	SNP	rs2346242	246	0.44	7102551	17.67	9.29	26.96	7042552	9.4730617300079	18.3041208800964	27.6546539124277
rs1551961	SNP	rs1551961	296	0.5	7142197	17.67	9.29	26.96	7082198	9.51913228522269	18.3659986379524	27.7339290387712
rs2127063	SNP	rs2127063	296	0.44	7152170	17.8	9.29	26.96	7092171	9.5317935408088	18.3809115048768	27.754979141384
D16S3088	STS	AFMB281ZE9	790	0.69	7215783	17.8	9.29	26.96	7155685	9.60323216051014	18.4839788121808	27.8860336138454
rs1922585	SNP	rs1922585	233	0.39	7286821	18.07	9.29	26.96	7226822	9.67578798649619	18.5930937813176	28.023592126466
D16S509	STS	AFM308YF9	120	0.63	7366833	18.08	9.29	26.96	7306720	9.84594028562344	18.7027932466042	28.1764261432126
D16S3092	STS	AFM212ZC5	115	0.56	7559265	18.09	9.29	26.96	7499206	10.3265473502409	19.1581424422895	28.5893561217946
rs1395579	SNP	TSC0571469	224	0.34	7587734	18.09	9.29	26.98	7527735	10.3984745881330	19.2295307218562	28.6512492291678
rs1507031	SNP	TSC0757327	295	0.49	7611378	18.21	9.99	26.98	7551379	10.4580280679388	19.2888610791214	28.7028493265366
rs1034977	SNP	TSC0339175	120	0.14	7632494	19.24	10.89	28.13	7572495	10.5009989032371	19.3441405283754	28.7598970641295
D16S418	STS	AFM225XD2	1083	0.87	7639751	19.24	10.89	28.13	7579707	10.5157668210132	19.3631385849788	28.7795028337692
D16S3108	STS	AFMB348WC9	678	0.56	7713454	19.24	10.89	28.13	7653411	10.6686476710753	19.5577805968778	28.9871289053127
rs1019141	SNP	rs1019141	274	0.5	7718287	19.24	11.03	28.13	7658288	10.6788173761090	19.570628758379	29.0011688408185
rs763648	SNP	rs763648	165	0.47	7728758	19.24	11.03	28.13	7668759	10.7008506849043	19.5984651124199	29.0315872485737
rs763649	SNP	rs763649	210	0.49	7729145	19.24	11.03	28.13	7669146	10.7016650188269	19.5994939223725	29.0327114892194
rs763650	SNP	rs763650	127	0.47	7729221	19.24	11.03	28.13	7669222	10.7018249397006	19.5996959625699	29.0329322703282
D16S502	STS	AFM266XG9	145	0.67	7920166	19.75	11.03	29.28	7860107	11.1826431425911	20.1590543771338	29.773116406684
D16S675	STS	UT5069	86	0.54	7969794	19.75	11.03	29.28	7909736	11.2888522874712	20.3273916439205	30.0187427374017
rs1507038	SNP	rs1507038	213	0.5	8035775	19.75	11.03	29.28	7975776	11.4345416433677	20.5825997284601	30.4340998927436
rs1532930	SNP	rs1532930	223	0.51	8089203	19.75	11.03	29.28	8029204	11.5573120153894	20.7969188852395	30.8113128122991
D16S495	STS	AFM199ZB10	149	0.75	8155250	20.81	11.58	29.28	8095249	11.7036655063171	21.0399947690493	31.2044663273056
D16S3052	STS	AFMA272WC5	162	0.86	8172759	20.81	11.58	29.28	8112623	11.7412006076517	21.0987755010323	31.2930862008813
rs997097	SNP	rs997097	308	0.48	8219131	20.81	11.58	31.07	8159132	11.8409889417550	21.2535995574121	31.5252144446843
rs982488	SNP	rs982488	133	0.29	8301134	20.81	11.58	31.07	8241135	12.0486872343054	21.5329649718781	31.933316427608
rs982487	SNP	rs982487	152	0.32	8301183	20.81	11.58	31.07	8241184	12.0488207977221	21.5331264693559	31.9335371731487
D16S513	STS	AFM321TH5	155	0.75	8313954	20.81	11.58	31.95	8253929	12.083631785375	21.5752179854486	31.9910706690684
D16S768	STS	GATA70B04	44	0.83	8371609	20.9	11.65	31.95	8311610	12.2374249628075	21.7673898258885	32.2282999902902
rs881899	SNP	TSC0218309	224	0.3	8408007	22	12.83	31.97	8348008	12.3334531318273	21.8881696189738	32.3664790188795
D16S406	STS	AFM079YH3	733	0.82	8452563	22.02	12.83	31.98	8392477	12.4528898975713	22.0302466516996	32.5314869707608
rs1868982	SNP	TSC0867505	307	0.36	8482610	22.02	12.83	31.98	8422611	12.5316736916074	22.1185279005616	32.6324232575746
rs1528347	SNP	TSC0798234	259	0.42	8499511	22.02	12.83	31.98	8439512	12.5756819423514	22.1668735762817	32.687398134256
rs933488	SNP	rs933488	286	0.51	8696378	22.02	12.83	31.98	8603879	13.1419579035353	22.7249976694514	33.2534230716023
rs1379	SNP	WIAF-3324	46	0.24	8743227	22.02	12.83	31.98	8650728	13.2616785376406	22.8596804609613	33.3745187645089
rs6497327	SNP	rs6497327	351	0.52	8790884	22.02	12.83	31.98	8698385	13.3771158307335	22.9772757275209	33.4741103435667
rs1273394	SNP	rs1273394	247	0.47	8813287	22.02	12.83	31.98	8720788	13.4310830413360	23.0258428351898	33.51336515747
D16S3020	STS	AFMA128XG9	158	0.77	8866079	23.06	14.23	32.05	8773284	13.5715212374629	23.1356187639589	33.5950127966802
rs1864	SNP	WIAF-3828	142	0.53	8889533	23.06	14.23	32.47	8797034	13.6351744903255	23.1841629099879	33.6280058523848
D16S678	STS	UT1547	73	0.77	9292396	23.08	14.23	32.56	9199871	14.6723690725866	23.9275281784069	33.8936114252342
D16S687	STS	UT7613	67	0.8	9344507	23.08	14.23	32.6	9251933	14.8242861701470	24.0257284377854	33.9245562863821
D16S3087	STS	AFMB083ZE1	122	0.62	9381808	23.1	14.25	32.64	9289164	14.9350573293511	24.1020829105734	33.9530508872732
rs720763	SNP	rs720763	156	0.35	9566074	24.15	15.63	33.29	9473575	15.4789246976859	24.5001118810348	34.1093420600457
rs1074042	SNP	rs1074042	88	0.38	9654056	24.15	15.63	33.29	9561557	15.7496599630889	24.6872614634827	34.1984487745594
D16S404	STS	AFM056YF6	911	0.79	9718395	24.15	15.63	33.29	9625612	15.9402421072671	24.8272602300206	34.2738279131416
rs1420040	SNP	rs1420040	238	0.52	9850397	25.2	17.03	33.29	9757898	16.3457497543900	25.1262555494868	34.3887528596803
D16S3126	STS	AFMA041YF1	163	0.86	10073593	25.2	17.03	33.29	9980990	17.0050008399864	25.6345933031931	34.7325190099695
D16S3064	STS	AFMA312WA5	182	0.89	10082022	25.2	17.03	33.29	9989384	17.0287354829502	25.6553893584796	34.7502066558729
rs2352743	SNP	rs2352743	232	0.56	10172768	25.25	17.1	33.74	10080269	17.2854663960272	25.8733052107884	34.8791179014562
rs4780793	SNP	rs4780793	241	0.44	10182484	25.25	17.1	33.74	10089985	17.3136583592202	25.8971949290316	34.8995942338711
rs4533282	SNP	rs4533282	362	0.53	10198567	25.25	17.1	33.74	10106068	17.3603248211422	25.9367398383055	34.933488928625
rs1366076	SNP	rs1366076	126	0.31	10263950	25.25	17.1	33.74	10171451	17.5730154838478	26.0988588630752	35.0600899066955
D16S677	STS	UT1026	22	0.77	10297514	25.73	17.77	33.94	10205002	17.6642092221886	26.1830590183748	35.1234532477972
rs2024495	SNP	rs2024495	252	0.52	10409611	26.07	18.04	34.44	10317112	17.9263878720925	26.4612734583851	35.3803128220982
D16S446	STS	MFD272	259	0.36	10564579	26.07	18.04	34.52	10472079	18.2385302343385	26.826390530074	35.822339851294
rs10221	SNP	rs10221	254	0.49	10577295	26.07	18.04	34.52	10484796	18.2605227376212	26.8555501999794	35.8588998922961
rs1875928	SNP	rs1875928	125	0.34	10621885	26.07	18.04	34.52	10529386	18.3402344146023	26.9577096423238	35.9936086723482
D16S3078	STS	AFMB048ZD1	326	0.28	10940497	27.35	19.36	35.99	10847970	19.0092755917972	27.6717753932298	36.8883744830242
rs1035089	SNP	TSC0339341	323	0.52	11048350	27.64	19.36	36.48	10955851	19.2769837625803	27.9127167681727	37.1715218663039
D16S414	STS	AFM205ZA11	137	0.66	11052781	27.64	19.36	36.48	10960146	19.2875569472328	27.9224917108988	37.1823756089914
D16S497	STS	AFM218YA11	171	0.73	11080517	27.64	19.36	36.48	10987949	19.3571622813655	27.9870493743713	37.2517674281521
rs876476	SNP	TSC0208389	226	0.45	11150248	27.64	19.36	36.48	11057749	19.5363553124794	28.1528332221044	37.4214897363729
rs887864	SNP	TSC0156396	209	0.36	11158885	27.64	19.36	36.48	11066386	19.5575811583646	28.1722513270911	37.4404982858787
rs741175	SNP	TSC0106672	248	0.42	11159685	27.64	19.36	36.48	11067186	19.5595471971174	28.1740499242880	37.4422589480999
D16S3122	STS	AFM088XC1	818	0.64	11214644	27.64	19.36	36.48	11122138	19.6759339917801	28.2977372429752	37.5518503302281
D16S519	STS	AFMA133XF5	1044	0.83	11286326	27.64	19.36	36.48	11193826	19.8556844123671	28.457447760359	37.6610049861259
D16S2640	STS	UT1334	22	0.37	11417773	27.78	19.56	36.48	11325194	20.267781805308	28.7299410629846	37.7295716767730
rs918738	SNP	rs918738	275	0.49	11439679	28.02	20.11	36.48	11347180	20.3378208976746	28.7737718344173	37.7360785602835
D16S2613	STS	ATA10H10	121	0.7	11594313	28.46	20.84	36.51	11501677	20.77061314609	29.0631595570706	37.7801786966602
rs933573	SNP	rs933573	304	0.49	11793395	28.66	21.21	36.82	11700896	21.3868519102493	29.3727884380507	37.8533164081054
rs8050550	SNP	rs8050550	98	0.14	11843992	29.28	22.31	36.82	11751493	21.5372351523524	29.4357214101634	37.8727289800205
rs2215928	SNP	rs2215928	352	0.52	11927918	29.28	22.31	36.82	11835419	21.8072459641344	29.5261770570746	37.9007319911694
D16S3114	STS	AFMC010ZE1	154	0.94	12045438	29.28	22.31	36.82	11952772	22.21663706794	29.6784293453175	37.9334120933152
D16S748	STS	ATA3A07	1046	0.83	12139445	29.28	22.31	36.82	12046946	22.5301435647908	29.8176543148039	37.9575345960808
D16S3075	STS	AFMB019ZH9	157	0.74	12209203	29.46	22.65	36.82	12116698	22.7525843235600	29.939608487417	37.9780975874028
D16S3047	STS	AFMA239ZH5	410	0.67	12483984	29.46	22.65	36.82	12391378	23.529342420343	30.579298975612	38.4878758773184
rs1035579	SNP	rs1035579	197	0.45	12531159	29.73	23.03	36.82	12438660	23.6429388086502	30.7018806784223	38.6078971090330
D16S3102	STS	AFMB334WH1	919	0.69	12557621	29.91	23.29	37.04	12464955	23.70674368494	30.7753047593541	38.6504217730508
D16S3069	STS	AFMA352YC5	384	0.8	12575209	29.91	23.29	37.04	12482709	23.7491516724007	30.8241061627034	38.6786858419323
rs190013	SNP	rs190013	167	0.43	12620829	30	23.53	37.04	12528330	23.8513817525688	30.9524409910963	38.8330367784236
rs10492794	SNP	rs10492794	191	0.38	12639850	30	23.53	37.58	12547351	23.8934656193999	31.0060714166555	38.9030298025555
rs2856775	SNP	rs2856775	136	0.28	12643504	30	24.86	37.58	12551005	23.9015094516810	31.0170096912715	38.9173694895086
rs9452	SNP	rs9452	31	0.15	12667789	32.04	24.86	39.03	12575290	23.9543845992266	31.0988656664677	39.0255503298186
D16S3062	STS	AFMA305XB1	134	0.81	13019273	32.24	24.86	40.52	12926682	24.5636174020639	32.3897697324182	40.9155012586433
rs1898680	SNP	rs1898680	143	0.28	13272681	33.25	24.86	42.23	13180182	24.8341389877048	33.2016283760848	42.1805687951428
D16S292	STS	P16AC2.3	388	0.71	13294222	33.25	24.86	42.23	13201722	24.8516988933835	33.2792179625298	42.3064535306768
rs1002970	SNP	rs1002970	183	0.43	13432333	33.71	24.86	42.95	13339834	24.9187588457804	33.6785778150283	42.9635044513001
rs734826	SNP	rs734826	214	0.54	13490380	33.71	24.86	42.95	13397881	24.9438924937795	33.8202632520210	43.2639188099543
rs1001937	SNP	rs1001937	153	0.49	13531512	33.71	24.86	42.95	13439013	24.9620882726838	33.8939440364592	43.383784338371
rs1547405	SNP	rs1547405	206	0.48	13595351	33.71	24.86	42.95	13502852	24.9928599948526	34.0102501581254	43.5625435630114
D16S500	STS	AFM112XG5	163	0.81	13703763	33.71	24.86	42.95	13611263	25.0713849735833	34.2277891657795	43.8939853130892
rs1158123	SNP	rs1158123	234	0.48	13708865	33.71	24.86	42.95	13616366	25.0752965596175	34.2373678185123	43.9090478816179
D16S49	STS	CRI-O114	159	0.47	13740644	33.71	24.86	42.95	13648144	25.0982573955258	34.2953854085891	43.9881185583746
D16S2619	STS	GATA62G05	143	0.77	13742507	33.71	24.86	42.95	13650008	25.0993204717867	34.2984548643244	43.9897798613511
D16S680	STS	UT1952	55	0.72	13891512	33.71	24.86	42.95	13798913	25.1822079116057	34.5092616765125	44.0552363326916
rs722240	SNP	rs722240	19	0.03	13933463	33.71	24.86	42.95	13840964	25.2047652959666	34.5305547055764	44.0623834519247
rs1424281	SNP	rs1424281	66	0.12	13934065	33.71	24.86	42.95	13841566	25.2050791274050	34.5306802238394	44.0624726640716
rs957078	SNP	rs957078	197	0.37	14019704	33.71	24.86	42.95	13927205	25.2510416569488	34.5457212911146	44.0750942656504
rs1799801	SNP	rs1799801	246	0.39	14041958	33.71	24.86	42.95	13949459	25.262963913686	34.548804444667	44.0783085236716
rs1794230	SNP	rs1794230	209	0.53	14116131	33.71	24.86	42.95	14023632	25.3035550430220	34.557359097312	44.0886420444705
rs724015	SNP	rs724015	54	0.17	14229099	33.71	24.86	42.95	14136600	25.365923090906	34.5690866935872	44.1052472160953
D16S3079	STS	AFMB053YC9	947	0.76	14435085	34.01	25.99	42.95	14342548	25.4494677485435	34.5904956234987	44.1543659948603
rs1741	SNP	WIAF-3705	65	0.28	15130351	34.06	26.03	42.95	15037852	25.9744291362068	34.7279478656976	44.4105561344056
rs1121	SNP	WIAF-1614	75	0.3	15131076	34.06	26.03	42.95	15038577	25.9752559378113	34.7280972621592	44.4109546402476
rs2740	SNP	WIAF-510	75	0.3	15132108	34.07	26.03	42.95	15039609	25.9764328471297	34.7283099202948	44.4115218927011
rs2384933	SNP	TSC1575082	202	0.4	15816146	34.56	26.03	43.05	15723647	26.9781430363279	35.5284619919519	44.7562559362506
D16S3060	STS	AFMA302VF9	132	0.82	15860105	34.58	26.57	43.24	15767591	27.0571128725538	35.59783398308	44.8171235223087
rs1569300	SNP	TSC0463300	240	0.32	15870748	34.58	26.64	43.26	15778249	27.0741447466494	35.6160063447462	44.833680898543
D16S3127	STS	AFM088ZA1	333	0.39	15870885	34.58	26.64	43.26	15778364	27.0743639862201	35.616240265027	44.8338940302299
D16S405	STS	AFM070YA1	143	0.79	15882588	34.58	26.64	43.26	15790047	27.0930921664832	35.6362225208364	44.8521004545528
rs215569	SNP	rs215569	208	0.53	15951210	34.58	26.64	43.26	15858711	27.2141309498858	35.7567258450481	44.9601394136295
rs3851713	SNP	rs3851713	178	0.32	16184873	36.21	28.29	44.81	16092374	27.6794290733990	36.1900838521432	45.361221687286
rs2283512	SNP	rs2283512	244	0.38	16220202	36.21	28.29	44.81	16127703	27.7494342455463	36.2551052368184	45.4281049887516
rs212090	SNP	rs212090	259	0.49	16236004	36.56	28.29	45.32	16143505	27.7833874265578	36.2836878881922	45.4555172688958
D16S79	STS	16AC66F3	357	0.8	16654873	36.77	28.29	45.63	16562373	28.6190950556623	37.0789672260894	46.2986312396004
rs1472426	SNP	rs1472426	305	0.51	17192434	37.37	29.97	46.1	17099935	29.6922296794769	38.1206401131521	47.4421430682221
rs936347	SNP	rs936347	255	0.47	17270795	37.51	29.97	46.32	17178296	29.8175852775713	38.2302012785160	47.5687301643982
rs722074	SNP	rs722074	244	0.47	17334371	37.74	29.97	46.34	17241872	29.9111263540554	38.3255972495621	47.6641739742928
rs1457907	SNP	rs1457907	238	0.49	17346236	37.74	29.97	46.34	17253737	29.9292533923568	38.3435272364079	47.6806938935201
rs1379652	SNP	rs1379652	281	0.52	17396598	37.74	29.97	46.34	17304099	30.0064284249049	38.4151240191247	47.7525675743846
D16S3103	STS	AFMB337ZC9	715	0.82	17473552	37.87	29.97	46.57	17380963	30.1264583137873	38.5205216172703	47.8632039320693
D16S3017	STS	AFMA104YE9	139	0.64	17479024	37.87	29.97	46.57	17386415	30.1350963317042	38.5281589062638	47.8709721582698
MFD180	STS	MFD180	116	0.69	17876961	38.53	30.35	47.48	17784461	30.8063183728242	39.1999137749019	48.5181302320144
D16S287	STS	D16S287	478	0.8	17908793	38.53	30.35	47.48	17816294	30.8676705280856	39.2548060110809	48.5662074073326
rs1389504	SNP	rs1389504	221	0.48	17934305	38.53	30.35	47.48	17841806	30.9118879560354	39.2983772164789	48.6049717650572
D16S683	STS	UT6629	343	0.43	17937873	38.53	30.35	47.48	17845321	30.9177901670909	39.3044468558747	48.6104064141654
rs1985311	SNP	TSC0038351	115	0.22	17944257	38.53	30.35	47.48	17851758	30.9283506254368	39.3153068833138	48.6201302930632
rs757189	SNP	rs757189	232	0.55	17988303	38.53	30.35	47.57	17895804	31.0039715977387	39.3929575779192	48.6871473500256
rs2158231	SNP	TSC1188756	256	0.45	17994640	38.53	30.35	47.57	17902141	31.0159732305563	39.4052361356761	48.6967598894739
rs1428104	SNP	TSC0636590	450	0.44	18011025	38.87	30.35	47.73	17918526	31.047004752367	39.4369836769174	48.7216141515634
D16S501	STS	AFM113XA9	122	0.57	18080683	39.31	32	47.73	17988180	31.1838864788735	39.5675681530488	48.8294025032754
rs1428097	SNP	TSC0636580	169	0.2	18093086	39.31	32	47.73	18000587	31.2087970869115	39.5903434870796	48.848825472501
rs1366208	SNP	rs1366208	90	0.21	18099307	39.31	32	47.73	18006808	31.2216608939289	39.6017935099066	48.8583034704731
D16S499	STS	AFM259XB9	324	0.68	18147013	39.31	32.02	47.73	18054388	31.3312341637762	39.6903839080521	48.9231749455666
rs904821	SNP	rs904821	292	0.45	18839672	40.19	32.68	48.21	18747173	33.9399851779942	41.2631697589766	49.5139449450617
D16S3056	STS	AFMA284XH9	107	0.48	18843789	40.37	33.31	48.25	18751263	33.9616697801576	41.2756930555127	49.5177728808879
D16S410	STS	AFM165YB6	658	0.59	19074857	40.37	33.32	48.25	18982356	34.8198833603156	41.7942133961122	49.6873880998775
rs1544357	SNP	rs1544357	236	0.43	19209610	40.37	33.32	48.53	19117111	35.3313850610830	42.0863998323234	49.7696591727077
rs724307	SNP	rs724307	247	0.52	19265981	41.97	36.08	48.73	19173482	35.5067754366959	42.1894798973985	49.7958953334161
rs2106671	SNP	TSC1106988	263	0.56	19270620	41.97	36.08	48.73	19178121	35.5201672086939	42.1968714734734	49.7979365135638
rs2023762	SNP	rs2023762	246	0.53	19276597	41.97	36.08	48.73	19184098	35.5374214922102	42.2063949591815	49.8005664195225
rs179209	SNP	rs179209	239	0.49	19307130	41.97	36.08	48.73	19214631	35.6255635431728	42.2550448820735	49.8140010721302
rs179219	SNP	rs179219	261	0.5	19313372	41.97	36.08	48.73	19220873	35.6442044759166	42.2656535434237	49.8167401451855
rs1023440	SNP	TSC0228737	41	0.08	19331301	41.97	36.08	48.73	19238802	35.6997102661546	42.2982184787836	49.8245841539308
rs1467892	SNP	TSC0384704	339	0.47	19354413	41.97	36.08	48.73	19261914	35.7712619323926	42.340197439464	49.8346957457721
D16S3041	STS	AFM164TH2	759	0.82	19388780	41.97	36.08	48.73	19296257	35.8732337312492	42.3972459598001	49.8491130974722
rs727187	SNP	rs727187	156	0.28	19451190	41.97	36.08	48.73	19358691	36.026855115681	42.4847311886508	49.8726256704066
D16S490	STS	UT1556	171	0.78	19476215	41.97	36.08	48.73	19383710	36.0673199214247	42.5136655515359	49.8806304885079
rs7200119	SNP	rs7200119	161	0.33	19486418	41.97	36.08	48.73	19393919	36.0838179199463	42.5254624468213	49.8838941512088
rs1475964	SNP	rs1475964	233	0.38	19505406	41.97	36.08	48.73	19412907	36.1182463866274	42.5462274110932	49.8890110930635
D16S3036	STS	AFMA189YD1	180	0.89	19524051	41.97	36.08	48.73	19431551	36.1536764114363	42.5660989844167	49.8936186343675
rs875648	SNP	rs875648	227	0.42	19663269	41.97	36.08	48.73	19570770	36.3799659790993	42.7006295723675	49.9348173604304
D16S749	STS	D16S749	528	0.43	19841284	42.16	36.08	48.73	19748785	36.7186811996373	42.9043273453606	49.9942103384854
rs227761	SNP	rs227761	257	0.44	19861305	42.16	36.51	48.73	19768806	36.75747867427	42.9283360087051	50.0016320733926
D16S535	STS	UT480	54	0.45	19929220	42.16	36.51	48.73	19836701	36.8944426105024	43.0186451555427	50.0271964488662
rs1858987	SNP	TSC0846797	56	0.09	19986177	42.16	36.51	48.73	19893678	37.0255421651933	43.0944931822617	50.0483184707141
rs1557718	SNP	TSC0445090	34	0.05	19991264	42.16	36.51	48.73	19898765	37.0363847608353	43.1009982036425	50.0505340211698
rs727590	SNP	rs727590	210	0.38	20045668	42.16	36.51	48.73	19953169	37.1495085967952	43.1699926679080	50.0737856731426
D16S3099	STS	AFMB324XC1	306	0.6	20145886	42.16	36.51	48.73	20053321	37.3506431206148	43.3003836506474	50.1208700418718
D16S3054	STS	AFM185XB6	330	0.51	20253182	42.68	36.51	49.41	20160530	37.6098918092193	43.4659573580155	50.1926644779974
rs764138	SNP	rs764138	59	0.35	20743472	43.91	39.06	49.41	20650973	38.7048095239698	44.1737954011329	50.5714887247383
rs6654	SNP	WIAF-1156	80	0.44	20860897	43.91	39.06	49.41	20768398	38.9521809019563	44.3370851920256	50.6661603637844
D16S3046	STS	AFMA231ZC1	795	0.72	20886507	43.91	39.09	49.41	20793898	39.0124888248314	44.3756121424408	50.6873080617623
rs950450	SNP	rs950450	27	0.08	20978230	43.91	39.31	49.41	20885731	39.2421324588672	44.5178595873885	50.7700794234206
D16S3045	STS	AFM165ZG1	523	0.58	21034999	43.91	39.31	49.41	20942452	39.4004985694817	44.6115143494781	50.8238101855909
rs2031077	SNP	rs2031077	177	0.36	21237736	44.61	40.22	50.34	21145237	39.9825120708730	44.9878212644805	51.0188295859631
rs741720	SNP	rs741720	228	0.51	21240478	44.61	40.22	50.34	21147979	39.9898816491077	44.9924270316064	51.0214730874756
rs725407	SNP	rs725407	158	0.32	22081873	44.61	40.22	50.34	21989374	41.6297308086691	45.9832419867851	51.3579354528459
D16S2974	STS	D16S2974	29	0.12	22319428	45.74	41.94	50.34	22226929	41.9821315351405	46.1956545712515	51.3914842984274
rs724466	SNP	rs724466	233	0.44	22797852	46.17	42.86	50.34	22705353	42.963036934389	46.8635132942196	51.6793165657975
rs208965	SNP	rs208965	252	0.52	22862335	46.17	42.86	50.34	22769836	43.1049092770433	46.9593200227515	51.729169943654
D16S3076	STS	AFMB033XE9	622	0.66	23034641	46.7	43.68	50.48	22942118	43.5017994320655	47.2252163799833	51.8526708285964
D16S403	STS	AFM049XD2	935	0.87	23037651	46.7	43.68	50.48	22945151	43.5089222850548	47.2299148338966	51.8548518779368
rs1858799	SNP	TSC0846377	422	0.41	23115384	46.7	43.68	50.48	23022885	43.6962041801592	47.3501258777416	51.9172844817451
D16S412	STS	AFM191WB10	827	0.69	23162581	46.7	43.68	50.5	23069905	43.8138845250313	47.4316432137189	51.9549043852029
rs11643777	SNP	rs11643777	214	0.33	23219272	47.18	44.1	51.01	23126773	43.9556887036863	47.5301765615033	52.0032562151172
D16S481	STS	UT947	11	0.32	23248290	47.18	44.14	51.01	23155684	44.0278546471571	47.5787301988619	52.0301910844977
D16S3130	STS	AFMA049XC5	97	0.49	23312184	47.18	44.17	51.01	23219575	44.1858712416512	47.6886647892806	52.0935891340056
rs239345	SNP	TSC0226048	339	0.39	23345938	47.18	44.17	51.01	23253439	44.2740620140071	47.7482854149369	52.1289434678743
rs152733	SNP	TSC0377815	138	0.3	23362678	47.18	44.17	51.01	23270179	44.3177994533991	47.7778537408682	52.1464771394084
rs152740	SNP	TSC0027274	302	0.39	23369090	47.19	44.17	51.01	23276591	44.3345524080814	47.78917943417	52.1531931431048
rs1610	SNP	WIAF-3574	55	0.22	23582153	47.19	44.17	51.06	23489654	44.8492578182707	48.1602371476086	52.3823606653397
D16S417	STS	AFM220XB10	834	0.69	23777034	47.19	44.17	51.18	23684530	45.26185448432	48.4853953255468	52.6449194116419
rs194790	SNP	rs194790	265	0.48	23792157	48.25	45.64	52.08	23699658	45.2942960434598	48.5109212669887	52.6684577170836
rs411103	SNP	rs411103	249	0.48	24230203	48.75	46.38	52.08	24137704	46.5097505239296	49.33316424937	53.1507731056209
D16S420	STS	AFM238XB2	1072	0.83	24236114	48.75	46.38	52.08	24143582	46.5282456984543	49.3447389460944	53.1552429904767
rs991911	SNP	rs991911	265	0.49	24291053	48.75	46.38	52.08	24198554	46.7024022185759	49.4529258165756	53.1992970147428
D16S672	STS	UT773	77	0.64	24328801	48.82	46.41	52.08	24236143	46.8290902932255	49.5291521256322	53.237383378033
D16S3113	STS	AFMC010ZC9	172	0.93	24598052	49.25	47.17	52.08	24505502	47.693969979459	50.0833203074261	53.4555715692939
rs2033218	SNP	TSC1046388	149	0.23	24623012	49.25	47.17	52.35	24530513	47.7685547151905	50.1328576335732	53.4765723663897
D16S536	STS	UT482	454	0.49	24646286	49.87	48.3	52.35	24553786	47.8383257276137	50.1790970743709	53.4961161650629
D16S401	STS	AFM025TG9	780	0.76	24685990	49.87	48.3	52.35	24593457	47.9631168959734	50.2592192967815	53.5284687550465
D16S3133	STS	AFMA058WB1	843	0.74	24718554	49.87	48.3	52.35	24625946	48.0665617514316	50.3249995991296	53.5543323755241
rs766181	SNP	TSC0070817	206	0.43	24729771	49.87	48.3	52.35	24637272	48.1027549375516	50.3476923447422	53.5628978641346
rs874562	SNP	rs874562	293	0.53	25102520	49.87	48.3	52.35	25010021	49.1564371171022	51.0251453408571	53.8653800625047
rs1895370	SNP	rs1895370	117	0.24	25295351	51.2	50.23	53.1	25202852	49.6590787349759	51.3695099492685	54.0507094672731
rs886111	SNP	rs886111	60	0.19	25472529	51.2	50.23	53.1	25380030	50.1640933631946	51.6992060371108	54.20743159275
rs2157857	SNP	TSC1188283	278	0.51	25513247	51.2	50.23	53.1	25420748	50.2823795670176	51.7767460300401	54.243452117909
rs1022455	SNP	rs1022455	264	0.49	25529390	51.2	50.23	53.1	25436891	50.3297069398401	51.807709751025	54.2577455859732
D16S3068	STS	AFMA349ZH9	1000	0.81	25560625	51.2	50.23	53.1	25468101	50.4214246820737	51.8676235301464	54.2853382372046
rs205162	SNP	TSC0290710	204	0.34	25596637	51.2	50.23	53.1	25504138	50.5278014726998	51.936710220472	54.31687180877
rs17205	SNP	rs17205	86	0.47	25649515	51.2	50.23	53.1	25557016	50.6833433467389	52.0382259009121	54.359413082961
rs205188	SNP	TSC0627826	417	0.51	25659729	51.2	50.23	53.1	25567230	50.7133221445497	52.0578421375489	54.3672523976945
D16S3116	STS	AFMC026XA9	158	0.81	25683859	51.6	50.83	53.22	25591359	50.7846413897617	52.1043970639876	54.3865893763217
rs2966220	SNP	rs2966220	278	0.51	25687710	51.6	50.83	53.22	25595211	50.7961689373816	52.1118892998543	54.3899149945828
rs4787756	SNP	rs4787756	269	0.39	25763020	51.6	50.83	53.22	25670521	51.0222845378423	52.258764578697	54.4528296105392
rs11074716	SNP	rs11074716	262	0.44	25780081	51.6	50.83	53.22	25687582	51.0737858193462	52.2921827180582	54.4662251091059
D16S537	STS	UT483	40	0.64	25800421	51.6	50.83	53.46	25707921	51.1356877258112	52.332095516383	54.4821886381385
D16S3131	STS	AFMA050WD1	831	0.87	26005238	52.16	51.62	53.64	25912657	51.7651497105182	52.7394316113274	54.6459886940406
D16S769	STS	GATA71H05	91	0.71	26158762	52.16	51.62	53.64	26066224	52.3133498234358	53.0656320335107	54.7523841001656
rs720004	SNP	rs720004	168	0.32	26327144	53.4	53.86	53.64	26234645	52.9739014108719	53.4587838270054	54.8745006467685
D16S3100	STS	AFMB326XG1	825	0.66	26581655	53.41	53.86	53.9	26489126	54.1201063842436	54.1214712912491	55.0741203458537
rs2078274	SNP	rs2078274	263	0.44	26600866	53.45	53.86	53.9	26508367	54.2126804872261	54.1741578197325	55.0893619366258
rs739480	SNP	TSC0100853	206	0.39	26616685	53.45	53.86	53.9	26524186	54.2893186718577	54.2177539243405	55.101943939835
rs237131	SNP	rs237131	250	0.51	26640406	53.45	53.86	53.9	26547907	54.4042396136141	54.2831274117547	55.1208109793524
D16S3093	STS	AFMB308ZH9	957	0.75	26745409	53.57	54.24	53.9	26652905	54.9528704351724	54.5901689702369	55.2033755412131
D16S3145	STS	AFM126YF6	778	0.65	26877103	54.05	55.06	53.9	26784558	55.5636857272427	54.9355244967444	55.2922669873627
rs885465	SNP	TSC0032170	178	0.2	27095271	55.34	57.28	54.39	27002772	56.4935242766742	55.4545909304963	55.4063694356004
D16S3120	STS	AFM326VC5	437	0.45	27167121	55.34	57.28	54.39	27074602	56.7801345919198	55.6078948064303	55.4382179235028
rs6498001	SNP	rs6498001	371	0.51	27217239	55.34	57.28	54.39	27124740	56.9812821590114	55.7125596908906	55.459651230611
rs2958	SNP	WIAF-889	118	0.43	27236403	55.34	57.28	54.39	27143904	57.0574626259336	55.7541573058378	55.4677690800492
rs4499236	SNP	rs4499236	343	0.46	27254131	55.34	57.28	54.39	27161632	57.127923096398	55.7927622339718	55.4752369259608
rs2057768	SNP	rs2057768	209	0.38	27322095	55.34	57.28	54.39	27229596	57.3981276176871	55.9432899973784	55.5029332163832
rs8832	SNP	rs8832	214	0.4	27375787	55.34	57.28	54.39	27283288	57.6132057361157	56.0616164599208	55.5245614367717
rs722516	SNP	rs722516	140	0.49	27396461	55.43	57.32	54.39	27303962	57.6967556795685	56.1072772046787	55.5324629278606
rs3093291	SNP	rs3093291	210	0.43	27439483	55.79	58.22	54.39	27346984	57.87044440286	56.2021095967311	55.5487076010059
D16S690	STS	UT8173	221	0.76	27958634	56.84	60.21	54.39	27865887	59.6460889919873	57.1381691794569	55.619515123058
D16S3022	STS	AFMA134VE5	292	0.64	28320036	56.84	60.21	54.39	28227536	60.4587466974652	57.5538154600872	55.6331970347672
D16S3081	STS	AFMB069WD5	120	0.75	28492668	56.84	60.21	54.39	28400168	60.7571996318346	57.6916966048978	55.6384234767788
rs1646129	SNP	rs1646129	185	0.41	29140688	57.37	61.45	54.39	29048189	61.4914796592389	57.9864882976252	55.654881892297
rs1364193	SNP	rs1364193	117	0.26	29234698	57.37	61.45	54.39	29142199	61.6331418253084	58.0424024591893	55.657084311034
rs1364182	SNP	rs1364182	52	0.21	29656093	57.37	61.45	54.39	29563594	62.1841179342004	58.3135272832982	55.6664393464076
rs1364184	SNP	rs1364184	79	0.14	29656210	57.37	61.45	54.39	29563711	62.1842685150255	58.3136010538857	55.6664423972143
rs11901	SNP	rs11901	196	0.46	29984070	57.37	61.7	54.39	29891571	62.5881189589208	58.5180435573013	55.6735067413296
rs3574	SNP	rs3574	307	0.54	30411382	57.37	62.06	54.39	30318883	63.0464124985328	58.7581816856703	55.6829125371257
D16S685	STS	UT7230	728	0.7	30667856	58.46	63.46	54.6	30575220	63.3023182706281	58.8984099440855	55.6889792080313
rs889551	SNP	rs889551	272	0.43	31260422	58.46	63.46	54.6	31167923	63.8531795769856	59.1925124512894	55.7043383749133
D16S753	STS	GGAA3G05	834	0.8	31273504	58.46	63.46	54.6	31180949	63.863877804226	59.1984006693786	55.7046892957216
rs13143	SNP	rs13143	248	0.4	31489033	59	64.32	54.6	31396534	64.0350302519932	59.2902082094939	55.710632036524
rs1534507	SNP	rs1534507	177	0.31	31660427	59	64.32	54.6	31567928	64.1593327812822	59.3575965976146	55.7154287673983
rs189378	SNP	rs189378	129	0.23	34805859	59	64.32	54.6	34663360	64.5599690712097	59.6648849169136	55.7700056497369
D16S746	STS	UT5113	88	0.68	34858004	59	64.32	54.6	34715504	64.561511323002	59.6656924835239	55.7703467113627
rs700582	SNP	rs700582	100	0.25	46714529	59	64.32	54.6	45272030	64.8560154121876	59.7720660714514	55.8343564471685
rs8053204	SNP	rs8053204	312	0.45	46752434	59	64.32	54.6	45309935	64.8572583613725	59.7725532545955	55.8346583109278
rs252721	SNP	rs252721	164	0.27	46760795	59	64.32	54.6	45318296	64.8575325283197	59.7726607163622	55.8347248953597
rs36471	SNP	rs36471	100	0.25	46783989	59.11	64.93	54.6	45341490	64.8582408484746	59.7729642560506	55.8349246730687
D16S3105	STS	AFMB341ZC5	514	0.6	46792100	59.11	64.93	54.6	45349600	64.858475091223	59.7730718044493	55.8349984178941
rs40355	SNP	rs40355	100	0.25	46792881	59.11	64.93	54.6	45350382	64.8584976462207	59.773082160176	55.8350055187089
rs1978320	SNP	rs1978320	250	0.48	46888411	59.11	64.93	54.6	45445912	64.8614334716169	59.774394290653	55.8358204109449
D16S3044	STS	AFMA222ZA9	793	0.74	47437620	59.11	64.93	54.6	45995036	64.8801526046961	59.7828529427593	55.8414629765779
rs1566467	SNP	rs1566467	193	0.43	48512981	59.11	65.09	54.6	47070482	65.0830725860273	59.9270260336893	56.1658493322734
rs1224	SNP	rs1224	214	0.38	48572817	59.11	65.14	54.6	47130318	65.1311717207977	59.9741666999651	56.2157581250719
D16S409	STS	AFM161XA1	515	0.58	48775868	59.32	65.4	54.6	47333354	65.3313818895187	60.1573174766452	56.3944884930799
D16S477	STS	UT745	664	0.57	48922599	59.71	65.4	55.26	47480091	65.4834560965929	60.3122410074962	56.538802833766
rs933543	SNP	rs933543	180	0.34	48981998	59.71	65.4	55.26	47539499	65.5527317213082	60.3846365002611	56.6113118158695
D16S540	STS	GATA7B02	869	0.67	49080265	59.71	65.4	55.26	47637766	65.6644888305848	60.5075604274292	56.7525622048446
rs1510986	SNP	rs1510986	304	0.44	49164641	59.9	65.52	55.51	47722142	65.7756160585651	60.6261365787579	56.8753269538145
D16S261	STS	MFD24	990	0.72	49238107	60.27	65.89	55.98	47795567	65.8797772216749	60.7224592741489	56.978004905196
rs1344529	SNP	rs1344529	246	0.5	49541959	60.58	66.14	55.98	48099460	66.3520462355784	61.1899509776456	57.4220208321074
rs1861659	SNP	rs1861659	325	0.5	49565261	60.58	66.14	55.98	48122762	66.3945901234327	61.227483216216	57.4533969848032
rs746159	SNP	rs746159	135	0.24	49593939	60.58	66.14	56.43	48151440	66.44911478506	61.2728214209713	57.4860343578651
rs4785323	SNP	rs4785323	169	0.28	49596029	60.58	66.14	56.43	48153530	66.4530884423165	61.2761255861132	57.4884129097063
D16S517	STS	AFMA132WE9	60	0.45	49653949	60.58	66.14	56.43	48211417	66.5628113188009	61.3682047163648	57.549529670673
D16S3080	STS	AFMB068ZB9	952	0.8	49683402	60.73	66.49	56.43	48240850	66.619691187048	61.4154564216922	57.579204394195
D16S411	STS	AFM186XA3	963	0.82	49736739	61.11	66.94	56.84	48294234	66.7417277016729	61.5048892986533	57.6373589154714
rs1894969	SNP	rs1894969	135	0.43	49899342	61.11	66.94	56.84	48456843	67.102180733861	61.7810033374921	57.7928767533852
D16S682	STS	UT6248	86	0.66	49986807	61.11	66.94	56.84	48544286	67.314808781308	61.9232877385506	57.8524637201485
rs1064448	SNP	rs1064448	227	0.54	50350883	62.43	69.16	56.84	48908384	68.3627545078995	62.5690333902826	57.9761290256289
D16S541	STS	GATA7E02	883	0.66	50594705	62.43	69.16	56.84	49152070	69.2441420073075	63.0660686963551	58.0024306638652
D16S3035	STS	AFMA189WG5	450	0.45	50657617	62.43	69.16	56.84	49215112	69.4918684593886	63.2038295692337	58.0100979303165
rs745230	SNP	rs745230	233	0.41	50670182	62.43	69.16	56.84	49227683	69.5385273921433	63.2311889499348	58.0112798924103
rs1109863	SNP	TSC0219880	278	0.45	50692364	62.43	69.16	56.84	49249865	69.6208981399637	63.27948865409	58.0133665046798
D16S3136	STS	AFMA061XE5	489	0.71	50706269	62.43	69.16	56.84	49263733	69.6725330353041	63.3097657880851	58.0146745176455
rs748855	SNP	TSC0130164	397	0.45	50751398	62.43	69.16	56.84	49308899	69.8600179630447	63.4106447688508	58.0210633855406
D16S747	STS	ATA2D09	57	0.46	51054692	63.63	69.17	56.84	49612140	71.0838238107169	64.0886461178778	58.100676162788
rs956142	SNP	rs956142	249	0.54	51091119	63.76	71.85	56.84	49648620	71.2444611955775	64.176731965343	58.1162523130962
rs1015438	SNP	rs1015438	214	0.38	51177517	63.76	71.85	56.84	49735018	71.6292200041437	64.3850952295259	58.1621530069862
D16S3396	STS	ATA55A11	999	0.8	51192357	63.76	71.85	56.84	49749808	71.6929783881329	64.4189382231036	58.1701349899752
rs728537	SNP	rs728537	39	0.11	51205759	63.76	71.85	56.84	49763260	71.7488456423006	64.4486937501434	58.1772608451784
rs1420582	SNP	rs1420582	214	0.51	51235921	63.76	71.85	56.84	49793422	71.8732489106269	64.5150332328881	58.1932338498297
rs4643309	SNP	rs4643309	299	0.54	51304847	63.76	71.85	56.84	49862348	72.1625288866365	64.6643348563821	58.2274926235672
rs11863031	SNP	rs11863031	285	0.5	51314404	63.76	71.85	56.84	49871905	72.2029322522147	64.6849016773641	58.2321112534823
rs2063099	SNP	rs2063099	263	0.5	51460871	64.61	73.03	57.29	50018372	72.7778774831989	64.9830651781991	58.3023227907696
D16S770	STS	GGAA20G02	741	0.65	51465768	64.61	73.03	57.35	50023269	72.7956564489979	64.9916298128507	58.3045190131635
D16S757	STS	ATA20H10	492	0.63	51556793	64.61	73.03	57.43	50114255	73.1213840270543	65.144550608347	58.3479669095127
D16S416	STS	AFM210YG3	528	0.49	51575162	64.61	73.03	57.43	50132644	73.1884857281217	65.1768881910165	58.3568435227345
rs1381452	SNP	rs1381452	148	0.34	51752251	65.19	74.18	57.43	50309752	73.8308196596256	65.4903161004785	58.4529687413693
rs1906052	SNP	rs1906052	32	0.06	51874687	65.19	74.18	57.43	50432188	74.2721934878793	65.7068482018401	58.5306189567153
D16S2623	STS	GATA81B12	783	0.69	52109715	65.19	74.18	57.43	50667216	74.9632248993244	66.0163155586088	58.6878000522883
rs1074735	SNP	rs1074735	35	0.06	52327002	65.45	75.59	57.43	50884503	75.6505557430134	66.4293651139085	58.8275381612989
rs8062936	SNP	rs8062936	270	0.5	52475969	66.05	75.76	57.58	51033470	76.1242859400015	66.7374806969961	58.9202391786064
rs4784220	SNP	rs4784220	241	0.45	52535810	66.05	75.76	57.72	51093311	76.2872035102603	66.8396931924396	58.9518075347841
rs1420529	SNP	rs1420529	270	0.45	52558673	66.05	75.76	57.72	51116174	76.3493931634855	66.8775618294253	58.9628425584804
rs1123428	SNP	rs1123428	244	0.44	52577835	66.05	76.3	57.72	51135336	76.4015157254897	66.9093003948768	58.972091262678
rs3481	SNP	WIAF-1971	66	0.29	52605096	66.05	76.34	57.72	51162597	76.4786130011052	66.9546951466304	58.9851395070348
D16S2950	STS	D16S2950	25	0.12	52624357	66.05	76.38	57.72	51181858	76.534767300895	66.9869063669581	58.9942960671821
D16S419	STS	AFM225ZF2	803	0.82	52953362	66.69	76.38	58.16	51510862	77.3416500988139	67.5098646595129	59.1546805056167
rs1990637	SNP	rs1990637	222	0.42	53037675	67.59	78.19	58.16	51595176	77.5112752392775	67.6324662108164	59.1845556428145
rs1362789	SNP	rs1362789	199	0.42	53038897	67.59	78.19	58.18	51596398	77.5130637414466	67.633873186137	59.1849455844301
D16S3034	STS	AFMA184XG1	735	0.6	53140529	67.62	78.19	58.18	51698002	77.6234755724833	67.714767557202	59.2152271358948
GATA151C03	STS	GATA151C03	42	0.71	53142352	67.62	78.19	58.18	51699853	77.6253069036812	67.716499063323	59.2158182924948
rs1074182	SNP	rs1074182	228	0.47	53471357	67.62	78.19	58.18	52028858	78.284532865442	68.1764433935405	59.3396366191915
rs1946155	SNP	TSC1020489	231	0.44	53634295	67.62	78.19	58.18	52191796	78.7992821959189	68.4751657455069	59.4118274280221
rs1477096	SNP	TSC0399175	224	0.4	53636925	67.62	78.19	58.18	52194426	78.811532843408	68.4819516744526	59.4130421117135
D16S415	STS	AFM205ZE5	121	0.7	53670735	67.62	78.19	58.18	52228161	78.9690212052357	68.5691882743217	59.4286574940734
D16S3137	STS	AFMA061YB5	122	0.83	53682493	67.62	79.13	58.18	52239937	79.0222936305486	68.5987102067991	59.4340490026466
rs1362571	SNP	rs1362571	219	0.46	53911770	68.1	79.18	58.18	52469271	79.8998890743143	69.0727818375195	59.5254365713665
rs1362570	SNP	rs1362570	109	0.21	53933547	68.1	79.18	58.18	52491048	79.9866625884937	69.1176246780379	59.5340359539023
rs9929152	SNP	rs9929152	253	0.38	53939403	68.1	79.18	58.18	52496904	80.0109370737324	69.1308425073853	59.5365143945066
rs12933996	SNP	rs12933996	225	0.4	53976662	68.41	79.83	58.18	52534163	80.1653843151104	69.2149413980368	59.5522835574977
rs2075204	SNP	rs2075204	174	0.33	54100914	68.41	79.83	58.45	52658415	80.869334310247	69.581205129103	59.6329103179946
rs1397138	SNP	rs1397138	111	0.25	54243548	69.83	82.13	58.71	52801049	81.8343517134186	70.1211469504073	59.7437944573494
D16S771	STS	GGAA23C09	809	0.75	54509004	70.35	82.98	58.95	53066505	83.6961156740023	71.1290816916935	59.9254189503396
rs1151289	SNP	TSC0731263	209	0.25	54631348	71.21	84.77	58.95	53188849	84.4277266658092	71.5188328092177	59.9918805177835
D16S492	STS	UT1936	65	0.53	54656244	71.21	84.77	58.95	53213592	84.5701295782885	71.5943341338562	60.0057025351565
rs1946152	SNP	TSC1020485	43	0.07	54746278	71.71	85.9	58.95	53303779	85.0739517586768	71.8765174491568	60.0586505035876
rs1861536	SNP	TSC0851741	84	0.1	54752488	71.71	85.9	58.95	53309989	85.1098880114607	71.897041473577	60.0621107341959
rs1420558	SNP	TSC0621704	255	0.44	54758762	71.71	85.9	58.95	53316263	85.1461946217612	71.9177770177335	60.065606625796
rs1073801	SNP	rs1073801	196	0.55	55102930	71.71	85.9	58.95	53660431	86.6831017159054	72.741826698768	60.2506380060483
D16S3255	STS	D16S3255	756	0.61	55113742	71.71	85.9	58.95	53671091	86.7246304963528	72.7655898159186	60.257653995692
rs2035606	SNP	rs2035606	132	0.22	55130332	71.71	85.9	58.95	53687833	86.7883525151858	72.8020520905698	60.2684193738079
rs1486737	SNP	rs1486737	166	0.35	55176436	71.71	85.9	58.95	53733937	86.9573471670133	72.8977998239245	60.2934802103962
rs728571	SNP	rs728571	124	0.27	55214093	72.01	86.44	58.95	53771594	87.0843857411102	72.9694580378839	60.3130946613507
D16S489	STS	UT1535	168	0.74	55359342	72.82	87.9	58.95	53916815	87.5478145727576	73.2406652986414	60.4067418205217
rs31096	SNP	rs31096	194	0.44	55367403	72.82	87.9	59.15	53924904	87.573769992758	73.258349207062	60.4130304861155
rs837529	SNP	rs837529	322	0.53	55486294	72.82	87.9	59.22	54043795	87.938515938063	73.4838224758812	60.5014900068229
rs1992116	SNP	rs1992116	239	0.51	55527891	72.82	87.9	59.28	54085392	88.0653780454249	73.560255657708	60.5322775675411
rs1992115	SNP	rs1992115	275	0.56	55527986	72.82	87.9	59.28	54085487	88.0656692760133	73.560429970003	60.5323483315802
rs243840	SNP	rs243840	162	0.33	55528159	72.82	87.9	59.42	54085660	88.0661996222427	73.5607474018666	60.5324771966198
rs243836	SNP	rs243836	264	0.51	55534236	73.12	87.9	59.45	54091737	88.084829183145	73.5718978841485	60.5370038604663
D16S3053	STS	AFMA273XE5	797	0.72	55548758	73.12	88.37	59.45	54106258	88.1293476105634	73.5985438120239	60.5478210749438
rs1362400	SNP	rs1362400	71	0.12	55571825	73.27	88.37	59.45	54129326	88.2009332365604	73.641698198038	60.5651221633542
D16S3112	STS	AFMB362YF5	437	0.8	55670579	73.27	88.37	59.73	54228051	88.4970021530687	73.82323095656	60.6420576656264
rs2077650	SNP	rs2077650	156	0.36	55768388	73.27	88.37	59.73	54325889	88.8135409981608	74.0191129332898	60.7275811435421
D16S3110	STS	AFMB354WC9	151	0.77	55999620	73.96	89.66	59.73	54556929	89.455128716211	74.3883139562015	60.8525522995489
D16S3039	STS	AFMA197YE1	783	0.8	55999984	73.96	89.66	59.73	54557444	89.4562773580605	74.3889422334253	60.8527443793506
rs1397148	SNP	rs1397148	221	0.53	56098379	73.96	89.66	59.73	54655880	89.7512675695739	74.5480721232297	60.9015136436865
rs1376203	SNP	rs1376203	221	0.52	56098932	73.96	89.66	59.73	54656433	89.7528511250884	74.5489151436549	60.901772618735
rs1203490	SNP	rs1203490	298	0.56	56198294	73.96	89.66	59.73	54755795	90.025743236498	74.7002960209319	60.9314105499353
rs1809348	SNP	rs1809348	297	0.53	56283348	73.96	89.66	59.73	54840849	90.2601553374179	74.8042730649783	60.9480426308512
D16S3140	STS	AFMA070ZF5	149	0.84	56311623	73.96	89.66	59.73	54868957	90.3330837086153	74.8391841972688	60.952170005256
D16S408	STS	AFM137XF8	815	0.69	56320527	73.96	89.66	59.73	54877981	90.3559852611158	74.8504449470264	60.9534054267704
rs396230	SNP	rs396230	126	0.29	56602616	74.69	91.4	59.73	55160117	91.4732178284156	75.418710539493	60.9907247938446
D16S3071	STS	AFMB010XD9	66	0.63	56664907	74.69	91.4	59.73	55222224	91.7168591046064	75.539007673406	60.9979639759714
rs1599823	SNP	rs1599823	205	0.52	56675817	74.69	91.4	59.73	55233318	91.7593234985804	75.5603036957384	60.9991672631548
rs1610214	SNP	rs1610214	73	0.27	56675888	74.69	91.41	59.73	55233389	91.7595998479821	75.5604422858013	60.9991750938963
rs735144	SNP	rs735144	181	0.48	56883924	75.18	92.02	59.91	55441425	92.5920152662154	75.9759678190449	61.0201625007675
D16S673	STS	UT818	64	0.73	56956753	75.88	93.62	59.91	55514253	92.914453962217	76.1346776284485	61.0264999695771
rs952440	SNP	rs952440	122	0.3	56975105	76.09	93.71	59.91	55532606	92.9959964527943	76.1738078719304	61.0282947420257
rs41383	SNP	rs41383	320	0.53	57111002	76.09	93.76	59.91	55668503	93.55956812017	76.4494335452086	61.0408388103526
D16S3057	STS	AFMA299YF1	933	0.74	57529508	76.09	93.76	59.91	56086998	94.9125355749438	77.1371102073716	61.0839632920882
rs12917875	SNP	rs12917875	353	0.53	57562220	76.69	94.98	59.91	56119721	95.0124743696776	77.1905773470445	61.0881459574437
rs8057310	SNP	rs8057310	199	0.39	57605169	76.69	94.98	59.91	56162670	95.1436923778952	77.2608160145153	61.0945363049068
rs1982395	SNP	rs1982395	260	0.45	57668756	76.79	95.5	59.91	56226257	95.3357778095064	77.3638648776748	61.106441845127
rs1376040	SNP	rs1376040	118	0.52	57670605	76.79	95.5	59.91	56228106	95.3413415951454	77.3668520061663	61.106812334316
rs1466134	SNP	rs1466134	102	0.42	57670947	76.79	95.5	59.91	56228448	95.3423706998985	77.3674045199273	61.1068808617917
rs727216	SNP	rs727216	194	0.42	57718783	76.79	95.5	59.91	56276284	95.4866066502651	77.442711621437	61.1161548186249
rs1582594	SNP	rs1582594	252	0.39	57851574	76.79	95.5	59.91	56409075	95.8565983860887	77.6471231012504	61.145926396532
rs247041	SNP	rs247041	214	0.46	57877640	76.79	95.5	59.91	56435141	95.930423256432	77.68697499672	61.1522370981331
rs37358	SNP	rs37358	302	0.52	58194926	77.35	96.48	59.91	56752427	96.7806387583153	78.14151473504	61.2257755603768
D16S3038	STS	AFMA192WA9	539	0.5	58419259	77.55	96.51	59.91	56976669	97.3392367523245	78.4452286977786	61.276714283722
rs2042401	SNP	TSC1059483	284	0.38	58464075	77.55	96.51	59.91	57021576	97.4557635516423	78.5048285595901	61.2873929625604
rs1862802	SNP	TSC0854523	204	0.42	58477375	77.55	96.51	60.3	57034876	97.4901562904202	78.522586893227	61.2906386675784
NIB340	STS	NIB340	98	0.84	58547073	78.45	98.28	60.3	57104573	97.6690954197501	78.6159531758122	61.3072774052267
rs930053	SNP	rs930053	238	0.57	58631446	78.45	98.28	60.3	57188947	97.8788317444162	78.728561206054	61.3259123441086
rs6993	SNP	rs6993	291	0.47	58741367	78.45	98.28	60.3	57298868	98.1557371686651	78.890707723577	61.3542858266672
D16S494	STS	AFM193XH10	482	0.58	58925703	78.45	98.28	60.3	57483142	98.6328108355285	79.1579447063721	61.4075313986456
D16S526	STS	UT746	779	0.87	59032753	78.71	98.33	60.3	57590009	98.9123189786074	79.3233127923907	61.4515370753634
rs990813	SNP	rs990813	231	0.48	59070616	78.71	99.86	60.3	57628117	99.0112300495286	79.3803897812813	61.4698744832991
rs1482258	SNP	rs1482258	164	0.44	59511091	79.29	99.86	60.3	58068592	100.124330251734	80.0611383876076	61.6812855844652
D16S3094	STS	AFMB316WE1	515	0.65	59624122	79.29	99.86	60.3	58181547	100.450084058051	80.242312927233	61.7327911399065
D16S3132	STS	AFMA050YH9	829	0.7	60196505	80.39	101.39	60.84	58753890	101.375279742382	81.0759461795178	62.4156763560702
D16S688	STS	UT7686	64	0.59	60324458	80.55	101.54	60.84	58881958	101.594311732024	81.2470996738385	62.5203941738211
D16S527	STS	UT481	644	0.76	60412253	80.65	101.93	60.84	58969673	101.741167055690	81.3645211644148	62.5990970182199
rs1364153	SNP	rs1364153	128	0.22	60494254	81.09	101.93	61.82	59051755	101.882575459025	81.4739784312094	62.6640722151191
D16S3089	STS	AFMB286WD5	508	0.87	60509450	81.09	101.93	61.82	59066774	101.909613761195	81.4942182069797	62.6759981749378
rs967899	SNP	rs967899	246	0.52	60540997	81.09	101.93	61.82	59098498	101.965354665446	81.5362697008717	62.7009779352295
rs1369791	SNP	rs1369791	114	0.28	60591550	81.09	101.93	61.82	59149051	102.053315496529	81.6037728397462	62.7417787754916
rs1369788	SNP	rs1369788	186	0.45	60591948	81.09	101.93	61.82	59149449	102.053978448226	81.604307498524	62.742140373653
rs715262	SNP	rs715262	321	0.5	60826646	81.09	101.93	61.82	59384147	102.441093516352	81.9175435095391	62.966864025559
rs768275	SNP	rs768275	23	0.06	60843488	81.09	101.93	61.86	59400989	102.468307833514	81.9393032755657	62.982651096513
rs1364324	SNP	rs1364324	264	0.52	60844230	81.09	101.93	61.89	59401731	102.469489389609	81.9402520397936	62.9833395760813
rs763591	SNP	rs763591	184	0.4	60844443	81.09	101.93	61.89	59401944	102.469828569458	81.9405243939452	62.9835372123994
rs716455	SNP	rs716455	247	0.47	61551717	81.79	102.8	62.21	60109218	103.588219399949	82.7192821538684	63.4016660781853
rs2078539	SNP	rs2078539	174	0.38	61584238	81.79	102.8	62.21	60141739	103.632021487363	82.7491253645914	63.4169504134857
rs17090	SNP	rs17090	98	0.39	61656586	82.32	103.98	62.21	60214087	103.730357542135	82.817557128287	63.4507816196786
rs16918	SNP	rs16918	97	0.38	61656618	82.32	103.98	62.21	60214119	103.730400327439	82.817587433763	63.4507966432083
rs8047976	SNP	rs8047976	284	0.48	61740761	82.35	103.98	62.21	60298262	103.842557201010	82.895106017316	63.4946177689127
rs4131786	SNP	rs4131786	304	0.48	61780558	82.35	103.98	62.21	60338059	103.895275418809	82.9270773508511	63.5130766458026
rs2217911	SNP	rs2217911	187	0.28	61835028	82.35	103.98	62.21	60392529	103.963968097077	82.9730161207211	63.5412641146401
rs11640872	SNP	rs11640872	160	0.24	61863026	82.35	103.98	62.21	60420527	103.997936551415	82.997641212909	63.5570147291985
rs1369922	SNP	rs1369922	89	0.24	61900909	82.42	103.98	62.28	60458410	104.045525028849	83.0312975258732	63.5805458293212
rs1397133	SNP	rs1397133	28	0.05	62009911	82.58	103.98	62.36	60567412	104.166085220596	83.1238469311289	63.6564719675896
D16S2620	STS	D16S2620	142	0.75	62113458	82.58	103.98	62.93	60670959	104.214587998227	83.1686023323417	63.7220106185024
D16S514	STS	AFM330VD9	131	0.73	62338056	82.58	103.98	62.93	60895382	104.264350175507	83.2224669881272	63.8309219913445
D16S3143	STS	AFMA084ZA9	760	0.74	62575106	82.58	103.98	62.93	61132605	104.365487241846	83.3096443631275	63.932881391595
rs1027277	SNP	rs1027277	225	0.44	62684996	82.75	104.27	62.93	61242497	104.429271747675	83.3592231158525	63.9878449464116
D16S164	STS	16PHAC-15	226	0.39	62961815	82.75	104.27	62.93	61519315	104.623619747616	83.5233661708335	64.1385029377356
rs1424038	SNP	rs1424038	99	0.26	62964453	82.75	104.27	62.93	61521954	104.625965087996	83.5253635548343	64.140278582418
rs1424032	SNP	TSC0628819	165	0.31	62967153	82.75	104.27	62.93	61524654	104.628365550099	83.5274078826593	64.1420959594623
D16S3129	STS	AFMA048YE1	653	0.58	62996181	82.75	104.27	62.93	61553540	104.654173184881	83.5493866782526	64.1616347819954
rs153672	SNP	TSC0628824	247	0.46	63001643	82.75	104.29	62.93	61559144	104.659029230808	83.5535222777266	64.1653112684456
rs1476584	SNP	TSC0398375	140	0.18	63021174	82.89	104.5	62.93	61578675	104.675718222574	83.5681278153274	64.1783488148364
rs588037	SNP	rs588037	167	0.37	63024140	82.89	104.5	62.93	61581641	104.677933499071	83.5702595641272	64.1802772805552
rs957063	SNP	TSC0150992	151	0.2	63033059	82.89	104.5	62.93	61590560	104.684595013256	83.5766699038258	64.1860763317168
D16S508	STS	AFM304XF1	468	0.55	63084049	82.89	104.5	62.93	61641346	104.722628135757	83.6125599707176	64.2195639521177
D16S267	STS	MFD65	499	0.51	63086608	82.89	104.5	62.93	61644100	104.724520868319	83.6141223639808	64.2213499322783
D16S400	STS	AFM024XG1	801	0.67	63447210	83.35	105.06	62.93	62004664	105.020456166653	83.8850363020813	64.4753157948819
rs150739	SNP	rs150739	115	0.3	63462117	83.35	105.06	63.37	62019618	105.032706605576	83.8980924052996	64.4881339559966
D16S265	STS	MFD23	482	0.81	63513532	83.35	105.06	63.37	62071032	105.076503518580	83.9439254241786	64.530997979878
rs1364161	SNP	rs1364161	402	0.46	63521944	83.35	105.06	63.37	62079445	105.084485018153	83.9518477360201	64.5372996885157
rs918703	SNP	rs918703	200	0.47	63533166	83.35	105.06	63.37	62090667	105.095132710521	83.9624164691971	64.5457064614985
D16S503	STS	AFM274YA5	114	0.77	63598803	83.35	105.06	63.37	62156288	105.159483128353	84.026633505617	64.5990187942476
D16S3111	STS	AFMB362WE5	123	0.77	63680503	83.35	105.06	63.37	62238003	105.251218737530	84.1079192100349	64.675239917604
D16S767	STS	D16S767	632	0.74	63798179	83.72	105.06	64.05	62355617	105.355005840488	84.2246343134404	64.7996254715207
D16S3393	STS	D16S3393	648	0.72	64565757	84.18	105.55	64.49	63123247	105.792903249019	84.9352934224198	65.823666720466
rs1364218	SNP	rs1364218	26	0.21	64823372	84.32	105.59	64.95	63380873	106.066946375247	85.2201088172528	66.1789034912326
rs909003	SNP	rs909003	213	0.51	65021585	84.86	106.23	65.11	63579086	106.299536600004	85.4048644387266	66.4146121810877
D16S3050	STS	AFMA246ZD5	816	0.76	65067047	84.86	106.23	65.11	63624511	106.345418463049	85.449494946674	66.4656479131376
rs725511	SNP	rs725511	189	0.37	65260305	84.86	106.23	65.24	63817806	106.532935147818	85.6281314556618	66.6338328446985
rs966098	SNP	rs966098	161	0.4	65260963	84.86	106.23	65.24	63818464	106.533628903589	85.6287514162298	66.6343577529353
D16S3021	STS	AFMA130YH5	116	0.76	65285331	85.21	106.57	65.77	63842664	106.559321062568	85.6517106854102	66.6537969078203
D16S3043	STS	AFMA219ZD5	166	0.85	65492372	85.21	106.57	65.77	64049632	106.798662731427	85.8510912280162	66.7808627326966
rs951379	SNP	rs951379	70	0.34	65549562	85.28	106.82	65.77	64107063	106.871846642524	85.9036207407826	66.8124222187057
rs1559347	SNP	rs1559347	185	0.39	65550544	85.38	106.85	65.77	64108045	106.873110984380	85.904508293667	66.8129672174685
rs1423832	SNP	rs1423832	223	0.46	65552564	85.39	106.92	65.77	64110065	106.875711769053	85.9063340134496	66.8140882943531
D16S186	STS	16PHAC-101	413	0.67	65581770	85.39	106.92	65.77	64139270	106.913762678341	85.9346162694621	66.8287621040162
rs1359839	SNP	rs1359839	199	0.39	65695351	85.39	106.92	65.77	64252852	107.064021590435	86.0516697900452	66.8828163116701
D16S3031	STS	AFMA176YB9	129	0.73	65781401	85.39	106.92	65.77	64338805	107.187104917578	86.1363747123752	66.9153834472595
rs1073617	SNP	rs1073617	173	0.38	65787164	85.39	106.92	65.77	64344665	107.195003913931	86.1414905884172	66.9169632849519
rs1075055	SNP	rs1075055	109	0.21	65807343	85.39	106.92	65.77	64364844	107.222816115717	86.1597511538383	66.922207718754
rs461785	SNP	rs461785	296	0.46	65809044	85.39	106.92	65.77	64366545	107.225254018186	86.161501208727	66.9224755037828
D16S260	STS	MFD12	77	0.63	65871907	85.39	106.92	65.77	64429346	107.315629122505	86.2260086731365	66.9321523171252
D16S3019	STS	AFMA121XB9	1065	0.83	66129180	85.74	107.62	65.77	64686654	107.712849516875	86.472317804058	66.9566801888734
rs16862	SNP	rs16862	78	0.38	66164499	85.74	107.62	65.77	64722000	107.771611211353	86.5030411215227	66.9592419848658
rs28171	SNP	rs28171	124	0.27	66571421	86.25	107.62	65.77	65128922	108.389535441776	86.8269730991026	66.9843088121533
rs725131	SNP	rs725131	49	0.11	66585710	86.25	107.62	65.77	65143211	108.408931016264	86.8375704653486	66.9851197516314
D16S397	STS	MFD98	744	0.74	66738269	86.25	108.66	65.77	65295709	108.610027584972	86.942033524995	66.9928911084901
rs149156	SNP	rs149156	171	0.46	66912706	86.62	109.26	65.77	65470207	108.837281710885	87.055739594178	67.00122700074
D16S3086	STS	AFMB083YF1	102	0.58	66935897	86.62	109.26	65.77	65493382	108.867315812770	87.0697621569613	67.0022852386587
rs9033	SNP	rs9033	181	0.51	67181999	86.62	109.26	65.77	65739500	109.170727006738	87.2192068015872	67.013582566073
D16S421	STS	AFM240YH6	629	0.52	67295711	86.62	109.26	65.77	65853129	109.289701201072	87.2721669291884	67.0191564945613
D16S3107	STS	AFMB347XC1	159	0.81	67657938	86.62	109.26	65.77	66215416	109.525944404625	87.3860194588876	67.0372548824341
D16S3085	STS	AFMB082YC5	650	0.51	67667595	86.62	109.26	65.77	66225094	109.529992237548	87.3880362197464	67.0377292579832
rs1750	SNP	WIAF-3714	28	0.12	68439070	86.62	109.26	65.77	66996571	109.664546711763	87.5128290196843	67.1165552606909
D16S3025	STS	AFMA143ZD1	741	0.69	68566396	86.62	109.26	65.77	67123896	109.679285196296	87.538843122786	67.1352376015537
rs1177648	SNP	rs1177648	251	0.42	68598007	87.12	109.67	66.13	67155508	109.683380276219	87.5464218331752	67.1396785844108
D16S496	STS	AFM214ZG5	721	0.67	68948710	87.12	109.68	66.13	67506205	109.791400133195	87.6600307920887	67.1900987126158
D16S3141	STS	AFMA071ZG9	151	0.71	69105860	87.12	109.68	66.13	67663360	109.866766313254	87.7208754587204	67.2192493893522
D16S3067	STS	AFMA343ZG5	460	0.75	69108668	87.12	109.68	66.13	67666163	109.868055798332	87.721878285753	67.2197978147761
rs1541979	SNP	rs1541979	196	0.48	69325142	87.12	109.68	66.13	67882643	109.961649323895	87.8077275557248	67.2687374110802
rs8061352	SNP	rs8061352	222	0.39	69419031	87.12	109.68	66.13	67976532	110.006690327293	87.8485647947625	67.294806754336
rs728546	SNP	rs728546	113	0.28	69455528	87.12	109.68	66.13	68013029	110.024939682929	87.8644609288348	67.3050998788459
rs246142	SNP	rs246142	121	0.3	69459477	87.12	109.68	66.13	68016978	110.026917664706	87.8661476028663	67.3062785279886
rs13337337	SNP	rs13337337	226	0.38	69461367	87.12	109.68	66.13	68018868	110.027864331092	87.8669548487309	67.3068426320352
rs11649655	SNP	rs11649655	266	0.5	69493712	87.12	109.68	66.13	68051213	110.04406534922	87.8807698579858	67.3164965713926
rs244415	SNP	rs244415	267	0.56	69666683	87.44	110.33	66.13	68224184	110.135603089713	87.9560114703644	67.3695815772778
D16S3095	STS	AFMB317YE5	729	0.71	69946230	87.66	110.64	66.13	68503728	110.299521213999	88.0944234797345	67.4677264195414
rs722579	SNP	rs722579	259	0.5	70528224	87.66	110.64	66.13	69085725	110.660000297002	88.3545498881896	67.6909199025572
D16S3397	STS	D16S3397	36	0.45	70721381	87.87	110.64	66.48	69278882	110.766255406811	88.4407905594834	67.7768230104587
rs1859088	SNP	TSC0846991	393	0.49	71206836	87.87	110.64	66.84	69764337	111.018500125829	88.6852764156252	68.0461830614946
rs235987	SNP	SS610139	205	0.38	71249346	87.87	110.64	66.91	69806847	111.042864119612	88.7076363348657	68.0735374961652
rs1018910	SNP	rs1018910	171	0.39	71278468	88.24	110.75	67.22	69835969	111.056027341617	88.7234607666859	68.0927680879826
D16S752	STS	GATA51G03	509	0.76	71335190	88.24	110.96	67.22	69892515	111.078692008247	88.7548388057354	68.1310573999463
D16S681	STS	UT2351	53	0.7	71415847	88.24	110.96	67.22	69973333	111.112750749408	88.8005717580005	68.1859709715791
rs310334	SNP	rs310334	252	0.4	71573547	88.24	110.96	67.22	70131048	111.178393965413	88.8914776732403	68.2976188923914
D16S485	STS	D16S485	172	0.76	71734996	88.38	111.12	67.22	70292406	111.246884125705	88.9927073417477	68.43105824927
D16S2624	STS	GATA81D12	872	0.74	71735131	88.38	111.23	67.22	70292632	111.246945335146	88.9927920008346	68.4311726347027
rs889568	SNP	TSC0159150	170	0.31	71772399	88.38	111.23	67.22	70329900	111.262160007371	89.016251506605	68.4620698219492
rs904764	SNP	TSC0182979	193	0.31	71772795	88.38	111.23	67.22	70330296	111.262314776493	89.0165011442768	68.4623953400171
rs904763	SNP	TSC0182978	238	0.28	71773190	88.38	111.23	67.22	70330691	111.262469154784	89.0167501515505	68.4627200360697
rs951939	SNP	rs951939	182	0.4	71809534	88.38	111.23	67.22	70367035	111.276642877565	89.0395837891376	68.4927648199804
D16S3106	STS	AFMB346YF5	942	0.74	72187760	88.52	111.23	67.56	70745119	111.426527103315	89.280642723193	68.8205207345305
D16S3059	STS	AFM191YG7	820	0.65	72241528	88.52	111.23	67.56	70798919	111.455106946766	89.3268338951853	68.878908990293
D16S3139	STS	AFMA066XD5	125	0.53	72711557	88.52	111.23	67.56	71269057	111.740385897140	89.7487482664435	69.4170943777106
rs719353	SNP	rs719353	262	0.52	73042551	89.79	111.23	68.94	71600052	111.988351431194	90.1279280324999	69.9205668939473
D16S3033	STS	AFMA183XD1	520	0.65	73283697	89.79	112.39	68.94	71841157	112.267355692444	90.4937241989613	70.3978769797347
D16S3066	STS	AFMA342VC5	917	0.7	73329835	89.96	112.39	69.28	71887290	112.341737923267	90.5823812324306	70.5098099246228
D16S2642	STS	UT1684	464	0.62	74011445	89.96	112.39	70.52	72568945	113.481428312980	91.8160001979986	71.8621356830408
D16S512	STS	AFM320WF1	861	0.74	74067592	90.97	112.92	70.52	72625069	113.590707378601	91.920147483343	71.9541596146504
D16S3018	STS	AFMA109YA5	674	0.9	74172702	91.81	114.14	71.08	72730111	113.799336129768	92.1037583258807	72.1151937891295
rs3325	SNP	WIAF-1812	122	0.47	74226402	91.98	114.14	71.35	72783903	113.895731273143	92.1975536255012	72.2019734203637
rs918735	SNP	rs918735	269	0.44	74253996	91.98	114.14	71.35	72811497	113.946833085382	92.2341396307386	72.2444290372993
rs1019572	SNP	rs1019572	200	0.39	74500440	91.98	114.14	71.35	73057941	114.382032363027	92.5989794164358	72.5648942120159
D16S3115	STS	AFMC020WE9	754	0.75	74530428	91.98	114.14	71.35	73087859	114.434515049718	92.642728832994	72.602665152822
rs877375	SNP	rs877375	227	0.44	74734867	92	114.14	71.71	73292368	114.799957104133	92.9496217751552	72.8186026640691
rs1046371	SNP	rs1046371	179	0.37	74747024	92	114.14	71.71	73304525	114.822367418093	92.9680998516118	72.8289321375222
rs11640870	SNP	rs11640870	345	0.49	74792859	92.53	114.96	71.71	73350360	114.904259001663	93.0359182730029	72.8657653621978
rs725710	SNP	rs725710	97	0.17	74873513	92.53	114.96	71.71	73431014	115.051218692769	93.1479214708242	72.924071939203
rs725709	SNP	rs725709	226	0.47	74873574	92.53	114.96	71.71	73431075	115.051339977705	93.148004798287	72.924116172665
rs3636	SNP	WIAF-2399	224	0.53	74937723	92.53	114.96	71.71	73495224	115.171983748585	93.233891897298	72.9704126877378
rs1943064	SNP	rs1943064	147	0.42	74990004	92.53	114.96	71.71	73547505	115.262917205357	93.2960534820265	73.0046836307635
rs1943063	SNP	rs1943063	220	0.49	74990061	92.53	114.96	71.75	73547562	115.263013514107	93.296116317084	73.004718624298
rs730168	SNP	TSC0016987	289	0.31	75150275	92.8	115.3	71.9	73707776	115.524390886667	93.4699839374882	73.1049499850908
rs889512	SNP	TSC0159045	100	0.15	75242012	92.8	115.3	71.9	73799513	115.651801121183	93.5543723105927	73.1584644028326
rs5842	SNP	rs5842	249	0.48	75263024	92.8	115.3	71.9	73820525	115.678603672963	93.5718713189072	73.1709125096711
D16S3051	STS	AFMA247WG5	123	0.93	75267926	92.8	115.32	71.9	73825414	115.685051996836	93.5753531784105	73.1735896014306
rs1862737	SNP	TSC0854394	293	0.46	75281964	93.43	116.41	72.25	73839465	115.703518249496	93.585324280758	73.1812560669795
D16S538	STS	UT484	21	0.18	75880872	93.43	116.41	72.25	74438372	116.372797151597	93.9731137720588	73.4203643832553
rs953349	SNP	rs953349	104	0.27	75984924	93.43	116.41	72.25	74542425	116.440646251791	94.0366234844798	73.4490136065632
rs953350	SNP	rs953350	242	0.47	75985009	93.43	116.41	72.25	74542510	116.440696512209	94.0366800946032	73.4490331108609
rs953348	SNP	rs953348	14	0.09	75985061	93.43	116.41	72.25	74542562	116.440727259758	94.0367147266787	73.4490450429018
rs1391411	SNP	rs1391411	219	0.42	75985217	93.43	116.41	72.25	74542718	116.440819502407	94.0368186229052	73.4490808390247
rs724247	SNP	rs724247	110	0.27	76169527	93.43	116.41	72.25	74727028	116.572629947469	94.1879711209353	73.4969774871337
D16S3118	STS	AFM072XH7	576	0.57	76332346	93.61	116.41	72.43	74889813	116.713957213320	94.3254695383004	73.5504635541134
rs1549660	SNP	rs1549660	224	0.47	76367186	93.61	116.41	72.43	74924687	116.741950329398	94.3541289099026	73.5641240233874
rs11149897	SNP	rs11149897	315	0.44	76455787	93.61	116.41	72.43	75013288	116.814459804226	94.4275710391346	73.5995613443934
rs1506819	SNP	rs1506819	276	0.49	76472099	93.61	116.41	72.43	75029600	116.825871840840	94.4410572355732	73.6056341793376
rs2221534	SNP	rs2221534	300	0.52	76473852	93.61	116.41	72.43	75031353	116.827096643376	94.4424972781474	73.6062905972869
D16S3083	STS	AFMB077ZC9	923	0.79	76485410	93.61	116.41	72.43	75042887	116.834983687372	94.4509086556916	73.6110609747478
rs1002077	SNP	rs1002077	287	0.55	76498403	93.61	116.41	72.43	75055904	116.843849958583	94.46036435983	73.6164236252367
rs1506842	SNP	rs1506842	260	0.53	76505990	93.61	116.41	72.43	75063491	116.849027238631	94.4658858273355	73.6195550367089
D16S515	STS	AFM340YE5	961	0.83	76517069	93.61	116.41	72.43	75074528	116.856587418631	94.4739486108458	73.6241277146713
D16S3142	STS	AFMA083YF1	494	0.58	76683364	94.69	117.53	72.43	75240664	116.972379128937	94.6027696561427	73.6810950321568
rs1390902	SNP	rs1390902	81	0.37	76878969	94.69	117.53	72.43	75436470	117.098317669034	94.7563684007195	73.7531219066365
D16S3097	STS	AFMB323XD9	167	0.8	77389067	94.69	117.53	72.43	75946558	117.661883675727	95.3809420953544	74.4433655827852
rs1948719	SNP	rs1948719	232	0.52	77398081	94.69	117.53	73.43	75955582	117.671961904590	95.3966688349507	74.4711544292126
D16S3138	STS	AFMA062YD5	715	0.85	77603767	94.69	117.53	73.43	76161222	117.904165351660	95.721774834778	75.0180626585653
D16S3125	STS	AFMA041YB5	975	0.8	77617416	94.69	117.53	73.43	76174855	117.918607544618	95.742090987459	75.0526539119946
D16S3090	STS	AFMB291ZF5	656	0.61	77651159	94.69	117.53	73.43	76208635	117.95244497148	95.7940302039074	75.1497445519804
D16S3101	STS	AFMB331XH5	786	0.74	77694571	94.86	117.53	73.79	76251919	117.997274769283	95.8623748365603	75.2831869865752
rs254770	SNP	rs254770	50	0.4	77877571	95.88	118.43	74.92	76435072	118.147653829544	96.1358749620732	75.778301144373
rs1922604	SNP	rs1922604	256	0.46	78092178	96.3	118.64	75.5	76649679	118.273907430141	96.3769675568239	76.1905613145954
D16S518	STS	AFMA132XG9	460	0.79	78138027	96.3	118.64	75.5	76695521	118.351986806650	96.4597352443838	76.281546819282
rs1074963	SNP	rs1074963	256	0.46	78170160	96.5	118.98	75.66	76727661	118.419444562954	96.5234294802875	76.3468840865392
D16S684	STS	UT7223	54	0.48	78295072	96.5	118.98	75.75	76852476	118.726924618776	96.7838392592194	76.5589004635821
rs2738675	SNP	rs2738675	68	0.13	78503069	96.5	118.98	75.75	77060570	119.255074803475	97.1091182809368	76.7390074820406
rs3419	SNP	WIAF-1909	40	0.17	78531632	96.5	118.98	75.75	77089133	119.328154895094	97.1444389804185	76.7505739926048
rs12935142	SNP	rs12935142	259	0.52	78533032	96.75	119.5	75.75	77090533	119.331736876268	97.1461702054045	76.7511409188657
rs2459109	SNP	rs2459109	222	0.42	78547478	96.75	119.5	75.75	77104979	119.405125199639	97.1930971605688	76.7619338182494
rs1125671	SNP	rs1125671	285	0.53	78691286	96.75	119.5	75.75	77248787	120.245236224672	97.7444998525308	76.9813808139143
rs1079635	SNP	TSC0109534	192	0.36	78863615	97.51	120.55	75.75	77421116	121.722098802595	98.7698511182103	77.5188523557893
rs1554981	SNP	TSC0440706	201	0.37	78868109	97.51	121.01	75.75	77425610	121.773201142885	98.8053475888564	77.5385810873483
rs1394573	SNP	TSC0568939	343	0.41	78906050	97.51	121.01	75.75	77463551	122.196057612945	99.0981717717797	77.700293604215
rs1079638	SNP	TSC0109538	231	0.44	78909996	97.51	121.01	75.75	77467497	122.236442508679	99.1257539885326	77.7150811878166
D16S3029	STS	AFMA175WH5	709	0.75	78920919	97.51	121.01	75.75	77478417	122.348232730703	99.202104863746	77.7560149880396
D16S3049	STS	AFMA245YF5	665	0.8	78921340	97.51	121.01	75.75	77478794	122.352541408125	99.2050476192587	77.7575926800559
rs2062894	SNP	TSC1097475	337	0.47	78933487	97.51	121.01	75.75	77490988	122.476858521274	99.289954154205	77.8031134043358
rs1125630	SNP	TSC0221490	177	0.43	78951763	98.72	121.81	77.17	77509264	122.663902199541	99.4177018970778	77.8716024762827
rs1342	SNP	WIAF-3270	72	0.32	78970574	99.14	122.78	77.17	77528075	122.855992549534	99.5500707245995	77.9432910535835
D16S3096	STS	AFMB322WB9	798	0.76	79044896	99.14	122.78	77.17	77602396	123.641517316473	100.094383747892	78.2469112408913
D16S760	STS	ATA29D10	18	0.74	79102500	99.35	122.98	77.6	77660000	124.315606179036	100.555980530329	78.5159755253431
D16S516	STS	AFM350VD1	150	0.71	79124155	99.48	123.17	77.72	77681516	124.583074529678	100.736014895936	78.6216179714455
D16S504	STS	AFM292XH5	705	0.69	79165978	99.77	123.5	77.75	77723309	125.157873006370	101.135799412447	78.8633951105267
rs1424110	SNP	TSC0628944	221	0.41	79167945	101.09	126.03	77.75	77725446	125.186749426971	101.156250030319	78.8759608340964
rs2017010	SNP	TSC0186314	451	0.49	79223012	101.09	126.03	77.75	77780513	125.972525584764	101.701041792031	79.2028857315576
rs424074	SNP	TSC0573890	251	0.46	79234587	101.09	126.03	77.75	77792088	126.130219555240	101.806396565504	79.263394510239
D16S2957	STS	D16S2957	99	0.48	79237434	101.09	126.03	77.75	77794935	126.169006141326	101.832309743913	79.2782773174016
rs437620	SNP	rs437620	169	0.41	79291806	101.4	126.03	78.25	77849307	126.842113337422	102.276595747974	79.5273364485183
D16S3144	STS	AFM126YB8	210	0.45	79359407	101.4	126.03	78.25	77916882	127.522496528343	102.730324511496	79.784187271406
rs1364092	SNP	rs1364092	184	0.49	79505970	101.4	126.03	78.25	78063471	128.620503082716	103.50437916926	80.2388788796402
rs1364097	SNP	rs1364097	69	0.23	79565909	102.36	129.18	78.25	78123410	128.940194664522	103.742503810404	80.3904669598515
rs1345849	SNP	rs1345849	40	0.21	79565943	102.36	129.18	78.71	78123444	128.940350252147	103.742621376943	80.3905491300573
rs1364096	SNP	rs1364096	193	0.44	79566041	103.53	129.18	79.54	78123542	128.940798710595	103.742960245203	80.3907859735916
rs1364095	SNP	rs1364095	158	0.48	79566150	103.53	129.18	79.54	78123651	128.941297506216	103.743337149696	80.3910494016042
D16S3040	STS	AFMA204XD9	867	0.76	79651619	103.53	129.18	79.54	78208996	129.307098322152	104.022739711644	80.5897955915594
D16S750	STS	GAAT2B10	297	0.27	79658269	103.53	129.18	79.54	78215770	129.330977261953	104.041557968017	80.6038449225981
D16S3119	STS	AFM304ZB1	302	0.6	79663488	103.53	129.18	79.54	78220944	129.349717741174	104.056326762003	80.6148710066118
rs728929	SNP	rs728929	261	0.46	79670324	103.53	129.18	79.54	78227825	129.374264573126	104.075671363592	80.6293132963833
rs1424234	SNP	TSC0629180	265	0.5	79682703	103.65	129.18	79.77	78240204	129.418715309336	104.110701618575	80.655466178929
D16S3073	STS	AFM200ZA3	138	0.64	79952529	103.65	129.18	79.77	78510024	130.096679664903	104.742505638145	81.1469012817862
D16S3104	STS	AFMB340ZG5	510	0.49	79973875	103.65	129.18	79.77	78531348	130.136815858957	104.771456970516	81.1846560868591
D16S3055	STS	AFMA283XF9	610	0.49	79989435	103.65	129.18	79.77	78546921	130.166072824172	104.792560818154	81.2121771571737
D16S507	STS	AFM301ZB9	161	0.83	80076450	103.65	129.18	79.77	78633931	130.288533593525	104.932075691395	81.3443066888866
rs3823	SNP	WIAF-2650	99	0.42	80189059	104.26	129.18	80.5	78746560	130.377323410117	105.052744005508	81.4857781515474
rs1478508	SNP	rs1478508	138	0.22	80246643	104.6	130.63	80.5	78804144	130.444879508858	105.127596683023	81.5432263816965
rs1125733	SNP	rs1125733	197	0.42	80452240	104.66	130.63	80.5	79009741	130.810672023880	105.382611760152	81.663210679257
D16S3276	STS	D16S3276	82	0.27	80474513	104.66	130.63	80.5	79032014	130.878335855521	105.416564812309	81.6673683203106
D16S686	STS	UT7370	59	0.58	80612288	104.66	130.63	80.5	79169788	131.272089139129	105.602858013804	81.6898060745395
rs2059280	SNP	rs2059280	223	0.38	81334431	106.57	134.29	80.5	79891932	135.085036967176	107.901940411303	82.5552005650377
rs1035573	SNP	TSC0340023	362	0.41	81367149	106.57	134.29	80.5	79924650	135.258541203506	108.032999867091	82.6264477729572
rs1037973	SNP	TSC0343299	225	0.47	81400076	106.57	134.29	80.5	79957577	135.429253800570	108.156553649364	82.6954330524656
rs310006	SNP	TSC1193542	331	0.42	81414422	106.57	134.29	80.5	79971923	135.501879301194	108.206636055346	82.7242684149531
D16S3098	STS	AFMB323YH5	147	0.66	81448396	107.08	135.13	81.27	80005888	135.672693549843	108.325491299459	82.7928896778265
rs2317241	SNP	rs2317241	160	0.33	81519766	107.21	135.13	81.3	80077267	136.009456155605	108.575402158048	82.9406777009214
rs12445567	SNP	rs12445567	350	0.49	81560996	108.06	135.99	82.04	80118497	136.197136856159	108.711236823481	83.0221303759912
D16S505	STS	AFM296TB1	834	0.73	81674311	108.06	135.99	82.04	80231763	136.688397094541	109.066312302003	83.242778568238
D16S511	STS	AFM312XD1	161	0.93	81701294	109.36	137.09	83.57	80258654	136.811883914220	109.157436558411	83.301436937959
rs2012502	SNP	rs2012502	220	0.42	81728081	109.36	137.09	83.57	80285582	136.944920596936	109.254088960613	83.3648820338545
rs11443	SNP	rs11443	267	0.5	82031448	110.94	139.63	83.57	80588949	138.225782604116	110.261771465341	84.122283973757
rs967955	SNP	rs967955	310	0.47	82150293	110.94	139.63	83.57	80707794	138.678254736534	110.643387229464	84.4644840639267
D16S534	STS	UT532	57	0.74	82385809	110.94	139.63	83.57	80943217	139.520545526020	111.431008826939	85.1971143289642
rs919821	SNP	rs919821	49	0.09	82632815	110.94	139.63	84.3	81190316	140.116911802896	112.096383563109	85.91822100156
rs12925602	SNP	rs12925602	108	0.18	82655901	110.94	139.63	84.3	81213402	140.158756760593	112.156562267735	85.9843188278486
rs1462035	SNP	rs1462035	222	0.5	82770031	111.55	139.63	84.97	81327532	140.402838288118	112.429236285145	86.3163727290717
rs726122	SNP	rs726122	51	0.16	82801388	111.55	140.08	84.97	81358889	140.463198805359	112.498757411995	86.4027840133349
D16S422	STS	AFM249XC5	168	0.69	82911364	111.55	140.15	84.97	81468847	140.641331701116	112.72716897493	86.7316719453298
rs918660	SNP	TSC0231808	233	0.43	82920461	111.55	140.15	84.97	81477962	140.651971181596	112.748971418576	86.7624896800728
D16S3091	STS	AFMB297ZC1	708	0.77	82980565	111.55	140.15	84.97	81537950	140.719403633592	112.891454499003	86.9743387632872
rs741590	SNP	TSC0108158	278	0.37	82987126	111.55	140.15	84.97	81544627	140.726165974830	112.906680601296	86.9991866179917
rs756458	SNP	rs756458	243	0.36	83289116	113.45	141.59	87.34	81846617	141.089898780860	113.732331002433	88.2476805850301
D16S402	STS	AFM031XA5	121	0.78	83293680	113.45	141.59	87.34	81850914	141.099915589221	113.747883283851	88.268179721827
rs882597	SNP	rs882597	260	0.53	83318740	113.85	141.64	87.82	81876241	141.154915855985	113.833277712492	88.3807363318468
rs1424189	SNP	rs1424189	340	0.45	83330610	113.85	141.64	87.82	81888111	141.174237454745	113.875098975095	88.4354563549398
rs720202	SNP	rs720202	200	0.48	83474471	113.85	141.64	87.88	82031972	141.407299042998	114.354633430381	89.0845976621796
rs1457	SNP	WIAF-3421	43	0.2	83768827	114.16	141.64	88.05	82326328	142.170577908832	115.276847797429	90.2292993523268
rs403070	SNP	rs403070	107	0.44	83804704	114.31	141.64	88.41	82362205	142.328154921359	115.411557115562	90.3570297228658
rs433325	SNP	rs433325	159	0.38	83804765	114.31	141.64	88.41	82362266	142.328422842249	115.411786155571	90.3572468968938
rs1980010	SNP	rs1980010	261	0.48	84148921	115.53	142.48	90.59	82706422	143.965410686357	116.745998079814	91.4173244252502
rs4782589	SNP	rs4782589	326	0.45	84202622	115.53	142.48	90.59	82760123	144.276135521525	116.963595660155	91.5562508060587
rs922450	SNP	rs922450	223	0.44	84433034	117.23	145.3	91.24	82990535	146.571906465963	118.358282541386	92.0603272358353
rs1891	SNP	WIAF-3855	17	0.09	84459424	117.23	145.3	91.24	83016925	146.85321442618	118.521088613762	92.113370676501
rs8045211	SNP	rs8045211	309	0.51	84464595	117.23	145.3	91.24	83022096	146.908335436498	118.552989720251	92.1237642964965
rs431629	SNP	rs431629	294	0.52	84520223	117.23	145.3	91.24	83077724	147.367737660069	118.851037204743	92.2697479099832
rs454087	SNP	rs454087	289	0.48	84532302	117.23	145.3	91.24	83089803	147.460487047096	118.913387982168	92.3032386578103
rs2018540	SNP	TSC0161898	397	0.57	84631268	118.7	148.11	91.24	83188769	148.222673788004	119.429173484644	92.5907967490242
rs2052904	SNP	rs2052904	194	0.47	84638190	119.17	148.92	91.24	83195691	148.278659818925	119.465995993734	92.6108084680595
rs873857	SNP	TSC0203697	229	0.45	84697706	119.17	148.92	91.24	83255207	148.777819674368	119.788100690584	92.7778483423981
rs881584	SNP	TSC0217746	377	0.42	84698208	119.17	148.94	91.24	83255709	148.782100743698	119.790839447968	92.7792372810608
D16S2625	STS	D16S2625	865	0.71	84717749	119.61	149.79	91.24	83275250	148.948746910608	119.897449125349	92.8333035169317
rs4783057	SNP	rs4783057	315	0.47	84785672	119.61	150.08	91.24	83343173	149.412133364869	120.218259987112	93.0316321258466
rs17111	SNP	rs17111	137	0.5	84857244	120.11	150.08	91.97	83414745	149.880495536478	120.574529502589	93.2290032321881
rs4782672	SNP	rs4782672	331	0.46	84871793	120.11	150.08	91.97	83429294	149.939079528547	120.650236456696	93.2652383378963
rs721004	SNP	rs721004	78	0.13	84905980	120.11	150.08	91.97	83463481	150.085104879174	120.827619184086	93.3489202538821
D16S3061	STS	AFMA304WA9	612	0.66	84934543	120.11	150.08	91.97	83492041	150.238452143459	120.973902036463	93.4133553844401
rs1391100	SNP	TSC0561817	382	0.53	84943459	120.11	150.08	91.97	83500960	150.286319811714	121.019564533812	93.4334689447823
D16S3037	STS	AFMA191YA9	767	0.77	84943908	120.11	150.08	91.97	83501349	150.288730375089	121.021864047194	93.4344818416636
rs751339	SNP	rs751339	293	0.46	85004668	120.11	150.08	91.97	83562169	150.73810871268	121.357407131121	93.5474294727322
rs2028	SNP	WIAF-1717	61	0.43	85708867	122.2	151.68	94.99	84266368	153.339108048856	123.785052127732	96.3827554302555
rs896253	SNP	rs896253	36	0.11	85820202	122.2	153.63	94.99	84377703	153.720947045463	124.230837702568	96.8397963485518
rs2733955	SNP	rs2733955	235	0.38	85836291	123.53	153.63	95.47	84393792	153.776666752726	124.296629525443	96.9008900417597
rs2075531	SNP	rs2075531	230	0.36	85838916	123.53	153.63	95.47	84396417	153.785757698811	124.307363787053	96.9108577802562
rs16882	SNP	WIAF-2967	31	0.12	85935573	124.43	154.53	96.33	84493074	154.119653992576	124.699799928949	97.2765612323306
rs2292982	SNP	rs2292982	206	0.33	85944823	124.43	154.67	96.33	84502324	154.151635477629	124.738922176123	97.312595316979
rs1568391	SNP	rs1568391	168	0.42	85955304	124.7	154.67	96.36	84512805	154.187873093288	124.783250854246	97.353424856568
rs276982	SNP	TSC0487781	33	0.04	86201002	124.7	154.67	96.36	84758503	155.008665095003	125.765140354796	98.3388966412659
rs276990	SNP	TSC0884647	336	0.41	86221216	124.7	154.67	96.36	84778717	155.073168144246	125.848343135	98.4250750277201
rs880275	SNP	TSC0215242	380	0.44	86247777	124.99	154.67	97.06	84805278	155.155474583428	125.958119722965	98.547521576267
rs717482	SNP	rs717482	184	0.33	86304997	125.82	154.71	98.09	84862498	155.327043497816	126.196206703761	98.8256831576729
D16S488	STS	UT1252	438	0.74	86386287	125.82	155.19	98.09	84943786	155.561138708733	126.547083632629	99.2319318468582
rs1918825	SNP	TSC0972670	342	0.52	86451918	125.82	155.19	98.09	85009419	155.742415100194	126.839641675574	99.620891606867
D16S486	STS	UT5217	314	0.86	86490112	126.22	155.47	98.4	85047568	155.846476986235	127.008762949451	99.857871297248
rs9929991	SNP	rs9929991	205	0.34	86511797	126.22	155.47	98.4	85069298	155.906514722975	127.104058062802	99.9896654553185
D16S520	STS	AFMA135XG5	972	0.83	86516144	126.22	156	98.4	85073612	155.918549956620	127.123161030648	100.016085063579
rs1862784	SNP	TSC0854491	129	0.21	86533403	126.22	156	98.4	85090904	155.966333737962	127.199006009266	100.120979477881
rs12925640	SNP	rs12925640	277	0.44	86556947	126.22	156	98.4	85114448	156.026825913956	127.298403030411	100.252199965695
rs2113238	SNP	rs2113238	80	0.09	86571880	126.22	156.27	98.4	85129381	156.064751308523	127.361063092843	100.334308669103
rs16935	SNP	WIAF-3068	129	0.47	86671711	126.24	156.29	98.4	85229212	156.314937080943	127.749967673673	100.840461755909
D16S498	STS	AFM218YB10	79	0.6	86753985	127.1	156.29	99.89	85311484	156.518121518171	128.046745391950	101.225022636687
rs1364075	SNP	rs1364075	208	0.44	87073550	127.95	156.29	99.89	85631051	157.224859950927	129.104351839070	102.675727201947
rs721544	SNP	rs721544	225	0.45	87073635	127.95	156.29	102.05	85631136	157.225031634081	129.104655821321	102.676134803264
D16S3074	STS	AFMB017ZD9	671	0.83	87084779	128.87	157.41	102.05	85642245	157.247718230928	129.143009097060	102.729659507681
D16S476	STS	UT703	231	0.8	87112271	129.03	157.41	102.42	85669765	157.305017603844	129.226391609421	102.862345911269
rs2076962	SNP	rs2076962	191	0.41	87160481	129.03	157.41	102.42	85717982	157.406062563898	129.374331733301	103.084851033094
D16S3028	STS	AFMA156TD1	119	0.61	87201552	129.03	157.41	102.42	85758975	157.492963253284	129.502858617285	103.259659554733
D16S3077	STS	AFMB048WB1	467	0.67	87218551	129.03	157.41	102.42	85775974	157.528716738515	129.541365003922	103.328593077041
D16S3063	STS	AFMA306YF1	883	0.69	87278676	129.17	157.69	102.42	85836132	157.653461186971	129.673880182696	103.552461978139
D16S3048	STS	AFMA240YE1	582	0.75	87304566	129.17	157.69	102.42	85862018	157.705027096561	129.733711360582	103.624337229961
D16S3123	STS	AFM350TA9	138	0.9	87649767	129.17	157.69	102.42	86207201	158.246533114554	130.505019078270	104.667290470748
D16S413	STS	AFM196XG1	153	0.87	87893875	129.55	158.5	102.42	86451336	158.488235274343	130.903234185432	105.163257873406
D16S689	STS	UT8102	42	0.67	87906444	129.55	158.5	102.42	86463606	158.496681336397	130.918167735196	105.188181971993
D16S2621	STS	GATA71F09	122	0.69	87973405	131.06	158.5	105.55	86530829	158.529514894660	130.9858021548	105.314665714258
D16S3023	STS	AFMA134XB5	496	0.71	88521518	131.06	158.5	105.55	87048827	158.653464737846	131.669065148275	106.525490865002
rs11646212	SNP	rs11646212	240	0.39	88677118	131.06	158.5	105.55	87204619	158.679297395121	131.879580804288	106.905990907838
rs1056707	SNP	rs1056707	273	0.49	88741504	131.06	158.5	105.55	87269005	158.688802990519	131.965855731411	107.076143375386
rs11649186	SNP	rs11649186	176	0.31	88767045	131.06	158.5	105.55	87294546	158.692199436793	132.000194490387	107.146196519244
rs750740	SNP	rs750740	158	0.48	88807338	132.08	158.5	107.5	87334839	158.697687490255	132.054715771708	107.259399271662
rs1078577	SNP	TSC0139382	331	0.42	89387088	132.08	158.5	107.5	87914589	158.755160654726	132.869558981215	109.036306161563
rs753852	SNP	TSC0143414	296	0.52	89446419	132.08	158.5	107.5	87973920	158.759894913205	132.952881026388	109.236224060652
rs889571	SNP	TSC0159154	46	0.07	89448045	132.08	158.5	107.5	87975546	158.760008528327	132.955144597355	109.241804923462
D16S3026	STS	AFM156XB8	323	0.47	89492848	132.08	158.5	107.5	88020346	158.763139093081	133.017515304632	109.395580690063
D16S3121	STS	AFM342XD9	126	0.59	89498622	132.57	158.5	108.45	88025887	158.763542545548	133.025553348152	109.415398587891
rs452176	SNP	rs452176	285	0.52	89653032	132.57	158.5	108.45	88180533	158.774797908240	133.238133870977	109.958606580579
rs7203947	SNP	rs7203947	257	0.46	89722511	132.57	158.5	108.45	88250012	158.780193925462	133.333108751183	110.211452169767
rs1230	SNP	WIAF-2142	128	0.41	89804855	132.57	158.5	108.45	88332356	158.786936182426	133.445671494835	110.51434644788
rs1006547	SNP	rs1006547	248	0.4	89844229	132.57	158.5	108.45	88371730	158.790614215348	133.499715979894	110.658214660623
rs8577	SNP	rs8577	166	0.33	90111279	133.42	158.5	111.2	88638780	159.272732800016	133.874367992725	111.528671937772
rs869048	SNP	rs869048	178	0.39	90112948	133.42	158.5	111.2	88640449	159.275685867117	133.876850150122	111.530739784830
