Markers_name	Type	Alias	Informative_meioses	Heterozygosity	Build37_map_physical_position	Sex.averaged_map_position	Female_map_position	Male_map_position	Build36_map_physical_position	Female_map_position_smoothed	Sex.averaged_map_position_smoothed	Male_map_position_smoothed
rs1972373	SNP	rs1972373	164	0.34	20445370	0	0	0	19515210	0	0	0
rs1952819	SNP	rs1952819	235	0.47	20524255	0.61	1.48	0	19594095	0.212414622464265	0.147119306789074	0.112775156432808
rs986364	SNP	rs986364	238	0.53	20644026	0.61	1.48	0	19713866	0.888586276664162	0.515376338894601	0.352420961097392
rs1958706	SNP	rs1958706	225	0.42	20655710	0.61	1.48	0	19725550	0.95747584947042	0.55601168999988	0.37994603081058
rs945462	SNP	rs945462	301	0.47	20690762	0.61	1.48	0	19760602	1.17360643846825	0.684563828353689	0.460741022307956
rs1959344	SNP	rs1959344	197	0.41	20694602	0.87	1.97	0	19764442	1.19756333507443	0.698843206565479	0.469539657050624
rs1057605	SNP	rs1057605	252	0.41	20755287	0.88	2.25	0	19825127	1.58113588382873	0.93405386719707	0.615526211493888
rs1713430	SNP	rs1713430	230	0.41	20815013	0.88	2.25	0	19884853	1.97078141895806	1.17824535054434	0.763832098940235
rs1760912	SNP	rs1760912	230	0.41	20823534	0.88	2.25	0	19893374	2.02688047366263	1.21347117837781	0.785016195564373
rs878157	SNP	rs878157	185	0.33	20825013	0.88	2.25	0	19894853	2.03661765262144	1.21958536677890	0.788693144151053
rs2700	SNP	WIAF-436	169	0.36	20825965	0.88	2.25	0	19895805	2.04288526206619	1.22352093632443	0.791059915655123
rs1713419	SNP	rs1713419	306	0.49	20834548	0.88	2.25	0	19904388	2.10041996528173	1.26067399782254	0.814558981776886
rs938886	SNP	TSC0358456	309	0.37	20837701	0.97	2.25	0	19907541	2.12158021078301	1.27436239408704	0.823243274892315
D14S261	STS	AFM238YD6	695	0.73	20840480	0.97	2.25	0	19910227	2.14023048742369	1.28642711125135	0.830897461561449
rs1713423	SNP	TSC0910879	271	0.51	20860073	0.97	2.25	0	19929913	2.27172198444452	1.37148792571709	0.88486236958892
rs945012	SNP	TSC0367953	367	0.49	20895646	0.97	2.25	0	19965486	2.51881088533281	1.53145792325182	0.983089223738986
rs3094	SNP	WIAF-1026	68	0.28	21168055	0.97	2.25	2.35	20237895	4.6021623122591	2.93003243175236	1.79482885683709
D14S1043	STS	AFM324TC9	98	0.58	21375529	4.91	7.83	2.35	20445352	6.35501636343115	4.18358738803986	2.52985896260050
D14S122	STS	UT1392	231	0.82	21377675	4.91	7.83	2.35	20447501	6.37430643253401	4.19798523173900	2.53820857004947
rs2771327	SNP	rs2771327	229	0.41	21434371	4.91	7.83	2.35	20504211	6.88887603499668	4.57831473163283	2.759138179338
D14S1023	STS	AFMB329WE5	930	0.75	21442084	4.91	7.83	2.35	20511740	6.96245019150678	4.63001716952058	2.78943829115924
rs1952517	SNP	rs1952517	167	0.4	21452992	4.91	7.83	2.35	20522832	7.06650139067858	4.70313660326615	2.83228979119114
rs4981345	SNP	rs4981345	260	0.41	21455973	4.91	7.83	2.35	20525813	7.09493709151569	4.72311909611503	2.84400049174074
rs1952524	SNP	rs1952524	124	0.32	21496021	4.91	7.83	2.35	20565861	7.47910865468108	4.99880061848287	2.99983805110016
D14S1070	STS	AFMA086WB5	828	0.79	21548295	5.27	8.21	2.72	20618091	7.9806003233234	5.36867712386336	3.19498654381714
rs1952512	SNP	rs1952512	33	0.09	21567489	5.27	8.24	2.72	20637329	8.16061622121708	5.50059242675881	3.2612280754309
D14S548	STS	UT1605	51	0.67	22020683	9.27	13.79	2.96	21090507	12.3062189834545	8.49359949853666	4.81899711114921
D14S1003	STS	AFM197YF8	825	0.64	22116345	9.27	13.79	5.25	21186184	12.9053459832190	8.90969967444152	5.16277948606897
rs1018344	SNP	TSC0221737	143	0.38	22191076	9.27	13.79	5.25	21260916	13.3312704153033	9.23140037712155	5.41659043804064
D14S742	STS	GATA74E02	843	0.74	22200975	9.27	13.79	5.25	21270815	13.3757526682389	9.26871076232087	5.44950748038664
D14S585	STS	GATA49B10	52	0.78	22201080	9.27	13.79	5.25	21270872	13.3762244973689	9.2691065185029	5.44985663580095
rs718433	SNP	rs718433	277	0.5	22235890	9.27	13.79	5.25	21305730	13.5326470880031	9.40030911561253	5.56560996887137
rs766737	SNP	TSC0072040	111	0.12	22236597	9.27	13.79	5.25	21306437	13.5358240708120	9.40297387390488	5.5679609486611
rs1014834	SNP	TSC0096634	391	0.49	22271917	9.27	13.79	5.25	21341757	13.6707800634115	9.52440940495417	5.68085112586602
D14S50	STS	MFD130A	1181	0.77	22355836	9.37	13.79	5.39	21425665	13.9579389769286	9.80149377511385	5.93561851226668
rs956037	SNP	rs956037	18	0.04	22458695	9.57	14.08	5.52	21528535	14.2777851966680	10.0966302027659	6.2118332995561
rs2331490	SNP	rs2331490	157	0.3	22522345	9.79	14.38	5.68	21592185	14.4231967383851	10.2706302070990	6.36161558760933
rs1041858	SNP	rs1041858	179	0.33	22649313	9.79	14.38	6.25	21719153	14.4954998345339	10.5548195984216	6.62053830092281
D14S283	STS	AFM312XH1	982	0.82	22687545	10.32	14.5	6.56	21757254	14.512434311588	10.6203425669018	6.6998386966596
rs1384962	SNP	rs1384962	146	0.34	23060552	10.95	14.5	6.91	22130392	14.8189083216944	10.7698139854878	7.07414595804667
rs1681576	SNP	rs1952426	191	0.4	23114522	10.95	14.5	6.91	22184362	14.8416290685221	10.8046988427717	7.12152596156288
rs1570342	SNP	rs1570342	187	0.35	23368185	10.95	14.5	6.91	22438025	15.3635575625230	11.3779658612109	7.65024576910493
rs1923	SNP	WIAF-3887	137	0.43	23441179	10.95	15.61	6.91	22511019	15.6283895901399	11.6310374071792	7.86327138865014
D14S990	STS	AFMA218YH1	619	0.83	23586387	10.95	15.61	6.91	22656107	16.0844370907527	12.0744186066811	8.2645701427016
D14S1430	STS	D14S1430	133	0.77	23707844	12.33	17.52	6.91	22777684	16.4881974020124	12.4544265915937	8.60496612878085
MYH7	STS	MYH7	393	0.79	23901879	12.79	17.52	8.94	22971719	17.3256872445601	13.2162074187065	9.3603527315179
rs875908	SNP	rs875908	294	0.4	23907608	12.79	17.52	8.94	22977448	17.3501836517246	13.2390738260627	9.38311551856336
rs7151859	SNP	rs7151859	132	0.31	23952607	12.79	17.52	8.94	23022447	17.5394672391355	13.419933697999	9.56905506724772
rs222682	SNP	rs222682	184	0.32	24018338	13.31	18.24	8.94	23088178	17.8013441691638	13.6780841805512	9.83794074872075
rs1958315	SNP	TSC1041491	134	0.3	24236602	15	18.24	10.66	23306442	18.5816545596608	14.4068129731375	10.5828716446268
rs1958308	SNP	TSC1041484	274	0.43	24255607	15	19.44	10.66	23325447	18.6476296315194	14.4696381183298	10.6433919253174
D14S581	STS	GAAT1B03	748	0.59	24298509	15	19.44	11.03	23368333	18.7837062725071	14.5994966190745	10.7732887246273
D14S972	STS	AFMA106ZH1	1018	0.73	24347734	15	19.44	11.03	23417392	18.9393962307639	14.7503942116686	10.9254230456705
rs1957682	SNP	rs1957682	318	0.43	24353313	15	19.44	11.03	23423153	18.9570377584749	14.7675821813377	10.9427918859420
rs1467587	SNP	TSC0384143	395	0.46	24364150	15	19.44	11.03	23433990	18.9913057699112	14.8009691731470	10.9765302121692
D14S64	STS	AFM079ZE5	901	0.77	24560269	15.37	20.07	11.03	23629930	19.56565581309	15.3362885219677	11.5150593075027
D14S853	STS	D14S853	23	0.09	24686098	15.43	20.07	11.12	23755938	19.8529468550231	15.6353564554116	11.8079042870114
rs724165	SNP	rs724165	159	0.43	24806229	15.59	20.07	11.73	23876069	20.1064425009679	15.8890596521022	12.0717645046752
rs1950501	SNP	rs1950501	169	0.45	24806800	15.59	20.07	11.73	23876640	20.1072956108425	15.8901874310534	12.0728912006962
rs5244	SNP	rs5244	185	0.33	24977594	15.96	20.64	11.73	24047434	20.3654113890119	16.1468558879358	12.3072169303574
rs1957528	SNP	rs1957528	263	0.53	25107565	15.96	20.64	11.73	24177405	20.5032482016202	16.2413174623549	12.3690906989927
rs1381324	SNP	rs1381324	132	0.28	25209198	15.96	20.64	11.73	24279038	20.6000722190014	16.2898679751325	12.4017372021231
D14S264	STS	AFM084YA1	949	0.76	25279943	15.96	20.64	11.73	24349758	20.6535571611008	16.3246238406585	12.4274588305181
rs17112	SNP	WIAF-2868	80	0.5	25359979	15.96	20.64	11.73	24429819	20.7385943293235	16.3940585581042	12.4790248844830
D14S1041	STS	AFM074YC9	523	0.46	25482639	16.12	20.93	11.73	24552406	20.8905834427818	16.5028306170662	12.5573952468877
rs726519	SNP	rs726519	245	0.53	25522269	16.12	20.93	11.73	24592109	20.9394291708939	16.5422600275597	12.5867534283292
D14S729	STS	D14S729	127	0.44	25848205	17.07	20.93	13.03	24917988	21.3272172514944	16.9853639107398	13.0661240443655
rs941738	SNP	rs941738	257	0.52	25880588	17.07	21.88	13.03	24950428	21.3825312414223	17.0682019937484	13.1000492236492
rs1956775	SNP	rs1956775	276	0.53	26088391	17.07	21.88	13.03	25158231	21.6697421438229	17.5067078765742	13.8033937554575
rs927263	SNP	rs927263	276	0.53	26093020	17.07	21.88	13.03	25162860	21.6754990736841	17.5171664960715	13.8187458913078
D14S1032	STS	AFMB359ZF1	1046	0.74	26211237	17.28	21.88	13.03	25281057	21.8362199397448	17.8456346325245	14.3152587721466
rs1950948	SNP	rs1950948	280	0.5	26412416	17.69	22.1	14.02	25482256	22.0302039636587	18.3962168409038	15.2186449167643
rs1956616	SNP	rs1956616	248	0.5	26446421	17.71	22.13	14.04	25516261	22.0593036326585	18.4748942351289	15.3470093996386
rs862952	SNP	rs862952	286	0.56	26486717	18.14	22.16	14.71	25556557	22.0935113648015	18.5641385008162	15.4945720189630
rs724816	SNP	rs724816	223	0.48	26596133	18.98	22.24	15.98	25665973	22.1871492416434	18.7991058408034	15.8689725261309
rs2144043	SNP	rs2144043	203	0.46	26635743	18.98	22.26	15.98	25705583	22.2231529352501	18.882550936703	16.0023642558220
rs1569796	SNP	TSC0464161	299	0.5	26644055	18.98	22.42	15.98	25713895	22.2307216766261	18.9000538130892	16.0303875528943
D14S1280	STS	D14S1280	875	0.68	26655791	18.98	22.42	15.98	25725624	22.2408462471497	18.9247720207538	16.0698690736216
rs1543392	SNP	TSC0422508	234	0.41	26669508	18.98	22.42	15.98	25739348	22.2511919539501	18.9536765939553	16.1157884864649
rs2179935	SNP	TSC1222995	402	0.46	26669865	18.98	22.42	15.98	25739705	22.2514612123395	18.954428867239	16.1169835896496
rs1012146	SNP	TSC0092670	162	0.22	26678953	18.98	22.42	15.98	25748793	22.2583156107795	18.9735791742489	16.1474068326270
rs1956490	SNP	TSC1039054	310	0.47	26680794	18.98	22.42	15.98	25750634	22.2597041393367	18.9774585443199	16.1535698157169
D14S275	STS	D14S275	849	0.75	26696780	18.98	22.42	15.98	25766612	22.2717611830715	19.0111443726497	16.2070849964206
D14S123	STS	UT1421	159	0.8	26722178	19.2	22.42	16.51	25791813	22.2924862924131	19.0677558550658	16.2994839717882
rs911085	SNP	TSC0193030	223	0.52	26751099	19.2	22.42	16.51	25820939	22.3172206520048	19.1344556407285	16.4100317690897
rs1115240	SNP	rs1115240	149	0.41	27090388	19.54	22.42	17.25	26160228	22.5559413742032	19.8617945706334	17.6050503568405
rs1956828	SNP	rs1956828	288	0.41	27205999	19.54	22.42	17.25	26275839	22.6394958085591	20.0716478812266	17.9190252037128
rs721282	SNP	rs721282	118	0.29	27218069	19.54	22.42	17.25	26287909	22.6472865068577	20.0931932836277	17.9509737320468
rs1951085	SNP	rs1951085	307	0.45	27290857	19.54	22.42	17.25	26360697	22.6967358355125	20.2250699016559	18.1511059814354
rs910773	SNP	rs910773	317	0.4	27409500	19.9	23.06	17.25	26479340	22.7747636106084	20.4232974179829	18.4447316628839
rs719484	SNP	rs719484	85	0.22	27477747	20.48	23.06	18.28	26547587	22.8224321285067	20.522778298763	18.5887222691229
rs1998462	SNP	rs1998462	204	0.45	27508742	20.48	23.06	18.28	26578582	22.8445694052568	20.5635576422115	18.6423063834321
rs1998463	SNP	rs1998463	195	0.43	27509018	20.48	23.06	18.28	26578858	22.8447665302248	20.5639207684832	18.6427835318608
D14S1431	STS	D14S1431	96	0.66	27578977	20.54	23.06	18.28	26648816	22.9023847662351	20.6333885151114	18.7514127909819
D14S80	STS	AFM242XA9	750	0.86	27724425	20.54	23.06	18.28	26794259	23.0354568092535	20.8036714954526	18.9142061183269
rs880433	SNP	rs880433	168	0.35	28488693	21.31	24.11	18.28	27558536	23.8825708309605	21.4078109509475	19.3059475723011
D14S615	STS	GATA69G10	132	0.7	28516660	21.31	24.11	19.03	27586514	23.8902359774851	21.4115026937124	19.3085732604308
D14S608	STS	GATA43H01	114	0.76	28849444	21.31	24.11	19.03	27919195	23.9391826837785	21.4517207152310	19.3487128194929
rs176264	SNP	rs176264	240	0.51	29162832	21.31	24.11	19.03	28232583	23.9660019333836	21.5500590173687	19.5306667062376
rs2179893	SNP	rs2179893	177	0.36	29172829	21.31	24.11	19.03	28242580	23.9666784182392	21.5546497279389	19.5391474177947
rs2884	SNP	rs2884	90	0.56	29187404	21.31	24.11	19.03	28257155	23.9676646907980	21.5613426964856	19.5515117641931
rs1950195	SNP	rs1950195	320	0.48	29200520	21.31	24.11	19.03	28270271	23.9685522345977	21.5673656793644	19.5626384034631
D14S597	STS	D14S597	489	0.79	29222068	21.31	24.11	19.03	28291819	23.9700901613437	21.5774743261422	19.5809693675414
rs17882286	SNP	rs17882286	103	0.17	29245893	21.31	24.11	19.03	28315644	23.9718765307448	21.5888811849651	19.6012925623416
D14S1042	STS	AFM074ZD11	147	0.89	29260489	21.31	24.11	19.06	28330233	23.9729709209979	21.5958694120954	19.6137432381571
D14S262	STS	AFM240VC5	792	0.65	29560623	21.31	24.11	19.06	28630353	24.0042800175536	21.8218863962499	19.9919245032109
rs1950710	SNP	rs1950710	141	0.3	29659737	21.72	24.11	19.55	28729488	24.0258255219723	21.9331452806185	20.1603511904640
D14S740	STS	GATA72E12	91	0.58	29767842	21.72	24.11	19.55	28837593	24.0842116118421	22.0798554043352	20.3724266436137
rs1957115	SNP	rs1957115	220	0.5	29824406	21.72	24.11	19.57	28894157	24.1218278588581	22.1571623571914	20.4810035271972
rs11984	SNP	rs11984	258	0.57	30045978	22.01	24.11	20.12	29115729	24.2753085182331	22.4440908649789	20.8967471608325
rs16895	SNP	WIAF-4082	59	0.46	30074323	22.01	24.11	20.12	29144074	24.2986349346164	22.4813748258706	20.9476431445142
D14S252	STS	D14S252	112	0.59	30078597	22.01	24.11	20.12	29148348	24.3021522076318	22.4869966868284	20.9553174939322
rs1209180	SNP	rs1209180	215	0.43	30102025	22.19	24.11	20.36	29171776	24.3231420570319	22.5165541558523	21.0013617242131
rs1953721	SNP	rs1953721	148	0.37	30230816	22.19	24.11	20.36	29300567	24.4371209441357	22.7070174215486	21.2669029270941
rs7151366	SNP	rs7151366	206	0.3	30431125	22.92	24.9	21.24	29500876	24.6476019767536	23.0333527164876	21.7121497236883
rs984439	SNP	TSC0301630	101	0.12	30600098	23.09	24.9	21.96	29669849	24.8729737827377	23.3165633599520	22.0521068278038
rs989911	SNP	TSC0310169	272	0.49	30627479	23.54	25.31	22.04	29697230	24.9141064522081	23.3645208703518	22.0995686699065
rs1033706	SNP	rs1033706	198	0.46	30649776	23.54	25.31	22.04	29719527	24.9489509078687	23.4056003778361	22.1548472045779
rs1158789	SNP	TSC0328258	239	0.4	30666397	23.54	25.31	22.04	29736148	24.9749252406281	23.4362225464639	22.1960538478381
D14S975	STS	AFM143XH2	558	0.52	30679555	23.54	25.31	22.04	29749270	24.9954877982628	23.4604645592673	22.2286750506550
rs17184	SNP	WIAF-3227	13	0.06	30693446	23.54	25.35	22.04	29763197	25.0196833374442	23.4855599890171	22.2611632810626
rs720045	SNP	rs720045	85	0.18	30978577	23.54	25.39	22.04	30048328	25.4819244402173	24.0236891089119	22.9892308220054
rs179562	SNP	TSC0153381	184	0.36	31224458	23.54	25.69	22.04	30294209	25.8152555521652	24.4117486837891	23.5287787728671
D14S1021	STS	AFMB327XD9	573	0.66	31272141	23.6	26.01	22.04	30341867	25.893145075089	24.4733371221091	23.6038275096946
rs179710	SNP	rs179710	204	0.46	31476350	24.92	26.48	24.1	30546101	26.2566864814212	24.7623736403895	23.7981806660759
D14S54	STS	MFD192A	719	0.71	31527522	24.92	26.48	24.1	30597273	26.3447991112367	24.8397853461417	23.8600121759692
D14S257	STS	AFM224YB8	593	0.66	31729795	25.15	26.74	24.1	30799446	26.6868943743759	25.1604275985801	24.1274521005514
rs727675	SNP	rs727675	272	0.51	31733642	25.15	26.74	24.1	30803393	26.6936781551178	25.1661910362794	24.1320643024257
D14S1071	STS	AFMA102ZD9	780	0.73	31828426	25.15	26.74	24.1	30898089	26.8613143591736	25.3214629775310	24.2650777183644
rs1367317	SNP	rs1367317	46	0.1	32195539	25.59	26.97	24.65	31265290	27.5220339373853	26.0529287335635	25.1042830899629
D14S1040	STS	AFM303TD5	599	0.74	32211413	25.59	27.09	24.65	31281163	27.5535834160519	26.0901050641964	25.1533571781608
rs1889387	SNP	rs1889387	215	0.47	32345684	25.59	27.09	24.65	31415435	27.8272552203176	26.4209637333416	25.5621751028048
rs1952966	SNP	rs1952966	199	0.52	32438484	26.73	29.04	24.65	31508235	28.0026642445730	26.6630735311322	25.8808123092373
rs1952967	SNP	rs1952967	152	0.34	32438586	26.73	29.04	24.65	31508337	28.0028706931404	26.6633561007300	25.8812633869246
rs1279004	SNP	rs1279004	229	0.49	32529094	26.73	29.04	24.65	31598845	28.1871516438079	26.9141408209669	26.2469412846593
D14S297	STS	GATA5H04	858	0.69	32534615	26.73	29.04	24.65	31604366	28.198084134486	26.9294674387962	26.2671945853159
rs1957026	SNP	rs1957026	248	0.51	32937841	28.44	29.04	28.2	32007592	29.0771465057923	28.2385988252972	28.1648197523956
rs17503797	SNP	rs17503797	233	0.47	33000226	28.44	29.04	28.2	32069977	29.2311964620313	28.4751169874436	28.5175379553152
rs1950703	SNP	rs1950703	142	0.28	33046388	28.44	29.04	28.2	32116139	29.3426787690531	28.6619840421147	28.8077664374927
rs768787	SNP	rs768787	192	0.4	33046471	28.44	29.04	28.2	32116222	29.3428701760025	28.6623264453926	28.8083179247936
D14S121	STS	UT1289	55	0.57	33197472	28.44	29.73	31.73	32267009	29.7384576424404	29.3242660809374	29.858531647371
rs912857	SNP	TSC0195594	326	0.44	33657980	31.68	31.77	32.09	32727731	31.6031846284513	31.3724328835940	32.0953550790238
rs243287	SNP	TSC0905107	409	0.49	33710382	31.68	31.77	32.09	32780133	31.8352935836148	31.5918056505511	32.2704903119542
rs243286	SNP	rs243286	218	0.45	33710787	31.68	31.77	32.09	32780538	31.8370267087828	31.5934741625384	32.2717948044266
D14S741	STS	GATA74A05	787	0.7	33753872	31.68	31.77	32.09	32823604	32.0326054202547	31.7711365952474	32.4192852267395
rs1609762	SNP	TSC0425421	373	0.48	33787438	31.68	31.77	32.09	32857189	32.1934307679109	31.9098152060412	32.5386832519658
D14S49	STS	D14S49	459	0.85	33849162	31.68	31.77	32.09	32918913	32.5147606209783	32.1689360936675	32.7339791298148
rs1952161	SNP	rs1952161	168	0.41	34195326	32.85	33.68	32.11	33265077	34.1343080935041	33.5262238234069	33.3806846962661
rs1952162	SNP	rs1952162	174	0.36	34195479	33.87	35.58	32.79	33265230	34.1350571925228	33.5267507855600	33.380923296818
rs1952164	SNP	rs1952164	34	0.1	34220213	33.87	35.58	32.79	33289964	34.2561555662769	33.6119357724524	33.4194914394919
rs1958058	SNP	rs1958058	215	0.44	34260635	33.87	35.58	32.79	33330386	34.4530699024536	33.7476447987851	33.4787657547535
D14S70	STS	AFM191VE1	955	0.78	34459194	34.01	35.58	33.04	33528944	35.4623770711710	34.4060391436055	33.773964619263
rs974673	SNP	rs974673	69	0.28	34480514	34.5	35.88	33.39	33550265	35.5490622841991	34.4629735937604	33.8069528790758
rs2027338	SNP	rs2027338	299	0.47	34586663	34.5	36.07	33.39	33656414	35.9921072811288	34.7435603307247	33.9163464450489
D14S599	STS	D14S599	127	0.85	34653797	34.5	36.07	33.39	33723548	36.2751545603952	34.9025766451645	33.9779220393275
D14S735	STS	ATA40C05	119	0.91	34653797	34.5	36.07	33.39	33723522	36.2751545603952	34.9025766451645	33.9779220393275
D14S551	STS	UT2290	555	0.58	34669448	34.5	36.07	33.39	33739192	36.3284502718962	34.9363114242989	33.9953881642408
rs1431062	SNP	TSC0642243	291	0.33	34683095	34.5	36.07	33.39	33752846	36.3734388037328	34.9653698426063	34.0108974333086
rs1952629	SNP	TSC1032130	179	0.27	34735434	34.5	36.07	33.39	33805185	36.5370308571880	35.0749466785921	34.0708294021290
D14S1049	STS	AFM340ZD9	983	0.8	34777592	34.88	37.05	33.39	33847337	36.6583567643219	35.1597533190578	34.1201050478178
rs1958579	SNP	TSC1041868	300	0.38	34800903	35.01	37.05	33.39	33870654	36.7220651157301	35.2043539499998	34.1481139700549
rs1958586	SNP	TSC1041875	211	0.37	34833383	35.58	37.24	34.03	33903134	36.8043672705459	35.2626831829763	34.1878639431106
D14S556	STS	UT7222	447	0.67	35161790	35.58	37.87	34.03	34231424	37.444231371126	35.7309282428296	34.543981219222
rs2010608	SNP	rs2010608	89	0.15	35219345	35.58	37.87	34.03	34289096	37.5097619481725	35.7881976479834	34.601509451691
rs1712355	SNP	rs1712355	251	0.52	35347512	35.8	37.87	34.35	34417263	37.6402034856414	35.8926084317883	34.7112492137173
D14S988	STS	AFMA190WG9	457	0.49	35512049	35.8	37.87	34.35	34581668	37.8225759408116	36.0250001073648	34.8319236230082
rs799474	SNP	rs799474	236	0.51	35516099	35.8	37.87	34.35	34585850	37.8268069296759	36.0282216908305	34.8348951450508
D14S1014	STS	AFMB300XF9	634	0.73	35620702	35.8	37.87	34.35	34690395	37.894610011192	36.100995393054	34.9100321501278
rs696	SNP	WIAF-4564	46	0.37	35871093	35.8	37.87	34.35	34940844	37.9420362243977	36.2628442718263	35.1630170167851
rs8904	SNP	rs8904	215	0.44	35871217	35.8	37.87	34.35	34940968	37.9420528207732	36.2629135866808	35.1631666522259
D14S253	STS	AFM212ZE3	508	0.44	36214556	35.8	37.87	34.35	35284283	37.9910077024521	36.5523101187976	35.6513235611155
rs723204	SNP	rs723204	62	0.15	36371632	35.8	38.3	34.35	35441383	38.0552935187775	36.7019483081791	35.8578128564145
rs725371	SNP	rs725371	38	0.11	36397122	36.91	38.3	35.7	35466873	38.0731353926339	36.7242559138386	35.8883420640163
rs371191	SNP	rs371191	213	0.48	36533206	36.91	38.3	35.96	35602957	38.1818694404481	36.8549885069176	36.0406464635492
rs368181	SNP	rs368181	242	0.44	36534827	36.91	38.3	35.96	35604578	38.183323024835	36.8564416260648	36.0423374313601
rs376927	SNP	rs376927	246	0.46	36547931	36.91	38.3	35.96	35617682	38.1950736539567	36.8681884942354	36.0560070440645
rs1755784	SNP	rs1755784	192	0.47	36700375	36.91	38.3	35.96	35770126	38.3511680614464	37.0043667447576	36.192041867764
D14S1017	STS	AFMB313ZD1	671	0.7	36890807	36.91	38.3	35.96	35960557	38.5701333880311	37.2011176631428	36.3679874573139
rs1951157	SNP	rs1951157	232	0.44	36951814	36.91	38.3	35.96	36021565	38.6387018247259	37.2688332691327	36.4380089182697
D14S69	STS	AFM164XF10	856	0.69	37059278	36.91	38.3	35.96	36128893	38.7655257586257	37.3875001885776	36.5562329067684
rs1955739	SNP	TSC1038128	285	0.53	37059525	37.22	39.15	35.96	36129276	38.7658228354947	37.3877943383331	36.5564480547969
rs1955750	SNP	TSC1038140	426	0.49	37087070	37.22	39.15	35.96	36156821	38.798952318721	37.4205973950791	36.5804409796662
rs1983667	SNP	TSC0931613	63	0.08	37098188	37.22	39.15	35.96	36167939	38.8123243860476	37.4338377067473	36.5901252540789
rs1955734	SNP	rs1955734	248	0.47	37138628	37.22	39.15	35.96	36208379	38.8584828323922	37.4773823985495	36.629065259416
rs1033594	SNP	rs1033594	283	0.56	37211566	37.22	39.15	35.96	36281317	38.9572839841866	37.557921033468	36.6982161108816
rs848119	SNP	rs848119	197	0.32	37243138	37.22	39.15	35.96	36312889	38.9936226255327	37.6004593789547	36.7326549242836
rs1429849	SNP	rs1429849	196	0.27	37273004	37.22	39.15	35.96	36342755	39.0281460412956	37.6401555297096	36.7642287005438
rs17191	SNP	WIAF-3249	23	0.09	37298032	37.22	39.15	35.96	36367783	39.0634472569192	37.666283652037	36.7821108916065
rs698295	SNP	rs698295	270	0.4	37311723	37.22	39.15	35.96	36381474	39.0827579866261	37.6805764490158	36.7918929388272
rs848692	SNP	rs848692	190	0.36	37370102	37.58	39.31	36.28	36439853	39.1607888173513	37.7421300954988	36.8376815996385
D14S75	STS	AFM214YG5	494	0.81	37427777	37.58	39.31	36.28	36497477	39.2296542658181	37.8034114235051	36.8822929949841
rs726238	SNP	rs726238	97	0.27	38257881	39.1	40.52	37.66	37327632	40.1649310634948	39.0458053298691	38.2294001909020
rs953428	SNP	rs953428	59	0.1	38322416	39.1	40.52	37.66	37392167	40.2075748640051	39.1086220385307	38.3364727075014
rs1954028	SNP	rs1954028	139	0.26	38555073	39.1	40.52	37.66	37624824	40.3862419870004	39.3221096380433	38.6448748770523
rs869025	SNP	rs869025	138	0.29	38558925	39.1	40.52	37.66	37628676	40.3893463245306	39.3251383060837	38.6497004801115
D14S1432	STS	D14S1432	745	0.63	38581065	39.1	40.52	38.37	37650753	40.4072478127655	39.3425642413962	38.6772245983338
D14S1427	STS	D14S1427	112	0.61	38581081	39.1	40.52	38.37	37650832	40.4072608871751	39.3425768771458	38.6772439940652
rs951136	SNP	rs951136	196	0.5	38717988	39.1	40.52	38.43	37787739	40.5137140692206	39.4442667617511	38.8268972499017
rs1958497	SNP	TSC1041751	258	0.49	38783065	39.1	40.52	38.43	37852816	40.5624308297083	39.4885528441881	38.8944208865063
rs1168515	SNP	TSC1319008	403	0.51	38835739	39.1	40.52	38.43	37905490	40.6028089923515	39.5210940207148	38.9424336465459
rs1168539	SNP	TSC1031992	217	0.5	38843456	39.1	40.52	38.43	37913207	40.6087821651096	39.5257499408303	38.9490960128186
D14S286	STS	AFM324TB1	123	0.76	38858875	39.1	40.52	38.43	37928512	40.6200104978106	39.5338409767763	38.9624896154018
rs1168554	SNP	rs1168554	298	0.53	38865962	39.1	40.52	38.43	37935713	40.6250328534776	39.5373222644352	38.9686617282461
rs1597353	SNP	rs1597353	190	0.39	39033303	39.45	40.77	38.43	38103054	40.733465573002	39.6031211174501	39.0958339094329
D14S129	STS	UT5219	870	0.82	39072282	39.45	41.06	38.43	38141788	40.7585066951366	39.6143218307893	39.1162386544275
D14S1428	STS	D14S1428	850	0.81	39416817	39.61	41.06	38.75	38486492	40.9743807637470	39.7376949219355	39.2434494364294
D14S1048	STS	AFM337XG5	171	0.94	39422587	39.61	41.28	38.75	38492173	40.9774873032758	39.7406101609609	39.2455537528556
rs2869	SNP	rs2869	106	0.39	39617103	39.61	41.28	38.75	38686854	41.0749092268772	39.8264983619258	39.3252220332061
rs715267	SNP	rs715267	231	0.48	39638557	39.61	41.28	38.75	38708308	41.086220735561	39.8358413971381	39.3312335474088
rs719455	SNP	rs719455	151	0.42	39916101	39.61	41.28	38.75	38985852	41.2010931924601	39.9582596919767	39.4152110147667
rs1950329	SNP	rs1950329	175	0.32	39937161	39.61	41.28	38.75	39006912	41.2047133460069	39.9665068375142	39.4217526444679
D14S278	STS	AFM296ZD5	128	0.71	39978595	39.61	41.28	38.75	39048178	41.2100329971697	39.9804260087312	39.4382695055025
rs744509	SNP	rs744509	99	0.25	40096888	39.61	41.28	38.75	39166639	41.221760514159	40.0209799191594	39.4812943469549
D14S738	STS	GATA62E11	98	0.78	40164537	39.61	41.28	38.75	39234288	41.2277846858224	40.0403953205975	39.5058238093059
rs17097	SNP	WIAF-2789	72	0.33	40273898	39.87	41.28	38.96	39343649	41.2357827756322	40.0737156687053	39.5468585301055
D14S1039	STS	AFM070XE9	836	0.79	40284470	39.89	41.28	38.96	39354217	41.2365882382092	40.0768748933513	39.5513989498872
rs17196	SNP	WIAF-3383	113	0.44	40566655	40.01	41.3	39.25	39636406	41.2560807740139	40.1777812892888	39.6906499319944
rs735543	SNP	rs735543	265	0.52	40674941	40.01	41.3	39.25	39744691	41.2643071127122	40.2204900122967	39.7492752956142
rs1955558	SNP	rs1955558	267	0.47	40732081	40.01	41.3	39.25	39801831	41.2687504741083	40.2433652910836	39.7801401279834
rs714072	SNP	rs714072	374	0.5	40768355	40.01	41.3	39.25	39838105	41.2719225432889	40.2577836856777	39.801439600464
rs1952935	SNP	rs1952935	399	0.53	40859517	40.01	41.3	39.25	39929267	41.2807585158163	40.2946555714374	39.8511968288559
D14S579	STS	ATA3B06	242	0.82	40925505	40.01	41.3	39.25	39995255	41.2878426745116	40.323084164874	39.8869135919018
rs1953503	SNP	rs1953503	128	0.42	41067084	40.01	41.3	39.25	40136834	41.309202514973	40.3819279098625	39.967097552752
ATA38D06	STS	ATA38D06	89	0.59	41095081	40.01	41.3	39.25	40164798	41.3142958970272	40.3931036361251	39.9817982644387
rs1349123	SNP	rs1349123	138	0.3	41207876	40.01	41.34	39.25	40277626	41.336204004713	40.4353314384868	40.0396266812087
D14S1053	STS	AFM355TC1	498	0.59	41416463	40.4	41.59	39.76	40486146	41.3782146071525	40.5062213345935	40.1396116236110
rs1376837	SNP	rs1376837	153	0.41	41479417	40.4	41.59	39.76	40549167	41.3934271811964	40.5287274173526	40.1713298713404
rs1954451	SNP	rs1954451	158	0.38	41571738	40.4	41.59	39.76	40641488	41.4165148579979	40.5647781976582	40.2150381061352
D14S79	STS	AFM240ZD4	426	0.65	41851234	40.4	41.59	39.76	40920946	41.5152863251957	40.6783110053339	40.3133764398524
rs1111179	SNP	rs1111179	221	0.47	42075952	40.4	41.59	39.76	41145702	41.6106759788162	40.7792711947757	40.39421019654
rs2010155	SNP	rs2010155	96	0.17	42087834	40.51	41.64	39.87	41157584	41.6159972251513	40.784431881139	40.3992642216377
rs2029182	SNP	TSC1095428	73	0.08	42585814	40.57	41.81	39.9	41655564	41.8509566611294	41.0228614194418	40.5849152981684
D14S552	STS	UT5618	584	0.55	42595834	40.66	41.88	40.01	41665375	41.8553857428198	41.0281682404144	40.5891969776771
rs766579	SNP	rs766579	262	0.44	42728705	40.66	41.88	40.01	41798455	41.9183464765829	41.0986474212598	40.6534846230965
D14S301	STS	GATA10H04	846	0.65	42934618	40.87	42.13	40.01	42004338	42.0213927631357	41.2111232320807	40.7702327397785
rs978091	SNP	rs978091	58	0.12	43344558	41.73	42.79	40.06	42414308	42.279217489554	41.4792607307492	41.0386540167143
D14S266	STS	AFM150XA7	1030	0.62	44095040	41.73	42.79	41.2	43164640	42.8480461598173	42.0811846904152	41.7046540594301
D14S288	STS	AFM328YC5	944	0.82	44101843	41.73	42.79	41.2	43171518	42.8526420909862	42.0869704977445	41.7128297014733
D14S1013	STS	AFMB286YA9	1026	0.89	44163111	41.73	42.79	41.2	43232727	42.8929533444241	42.1384600048196	41.7815257489596
D14S583	STS	GATA46A06	122	0.77	44218474	41.73	42.79	41.2	43288055	42.9275698922009	42.1838931920754	41.8437466270058
D14S47	STS	MFD86	383	0.62	44498054	41.9	43.07	41.2	43567645	43.0862179202923	42.3995657564870	42.138332073443
rs944044	SNP	TSC0366356	225	0.43	44914034	42.58	43.58	42.07	43983784	43.2927574942706	42.6963464673442	42.5680485381316
rs438402	SNP	TSC1043069	272	0.31	44948461	42.58	43.6	42.07	44018211	43.3092287189272	42.7184441977869	42.6038829222971
D14S1027	STS	AFMB340VF1	759	0.74	44951215	42.58	43.6	42.07	44020955	43.310430911008	42.7204871678327	42.6067425621854
rs10146925	SNP	rs10146925	202	0.31	44990872	42.58	43.6	42.07	44060622	43.3277422150556	42.749905491401	42.6479207535616
rs1959389	SNP	TSC1043086	444	0.48	44994297	42.58	43.6	42.07	44064047	43.3292373159549	42.7524462221225	42.6514771321445
D14S259	STS	AFM225YB10	696	0.57	46097846	43.17	43.6	43.36	45167588	43.6827148368981	43.4019023522955	43.6757172549477
rs1906786	SNP	TSC0951877	217	0.39	46163550	43.17	43.6	43.36	45233300	43.7011758885981	43.4285688728682	43.7086268732452
rs1754313	SNP	rs1754313	286	0.47	46574433	43.17	43.6	43.36	45644183	43.8018032415056	43.5831371957021	43.9266426106772
D14S1068	STS	AFM114XG7	1091	0.83	47133306	43.17	43.6	43.36	46203055	44.0125671060101	43.7594309149762	44.0795220666183
rs1381641	SNP	rs1381641	265	0.55	47137435	43.64	44.31	43.4	46207185	44.0143304608041	43.7608410283183	44.0803118791321
rs1020897	SNP	rs1020897	259	0.53	47142355	43.64	44.31	43.4	46212105	44.0164316246662	43.7625212796245	44.0812529974582
rs724701	SNP	rs724701	138	0.37	47236264	43.64	44.31	43.62	46306014	44.0569215616947	43.7930434100972	44.0980181410466
rs1532202	SNP	rs1532202	259	0.51	47247975	43.64	44.31	43.62	46317725	44.0622452988231	43.7968105103248	44.0999736926863
D14S1009	STS	AFM203XE3	702	0.56	47545671	43.64	44.31	43.62	46615383	44.2016212826238	43.8909227876626	44.1472682095268
D14S541	STS	MFD335	845	0.81	47626715	43.64	44.31	43.62	46696465	44.2310855919218	43.9129030674839	44.1608355760105
D14S1277	STS	D14S1277	46	0.55	47721071	43.64	44.31	43.62	46790821	44.2618273977128	43.9407973677511	44.1800303129002
rs17123	SNP	WIAF-2919	72	0.47	47731782	43.64	44.31	43.62	46801532	44.2659879757329	43.9441625452463	44.1823496574636
rs738	SNP	WIAF-4542	45	0.13	47949144	43.64	44.31	43.62	47018894	44.3581943619752	44.01596482218	44.2291515900061
D14S748	STS	GATA90G11	798	0.64	48081278	43.64	44.31	43.62	47151028	44.42487896337	44.0628745633503	44.2586086361429
D14S976	STS	AFMA116ZB5	180	0.85	48088235	43.91	44.73	43.62	47157923	44.4283720614385	44.0653908966053	44.2601882750554
rs2022703	SNP	rs2022703	240	0.46	48204257	43.91	44.73	43.62	47274007	44.4850323927812	44.1071117918827	44.2867697007452
rs1474935	SNP	rs1474935	241	0.49	48220095	43.91	44.73	43.62	47289845	44.49250667811	44.1127440154915	44.2904028484439
D14S1055	STS	AFMA040ZD9	146	0.74	48231010	43.91	44.73	43.62	47300669	44.4975857602979	44.1166026422625	44.2929071378951
rs1521165	SNP	rs1521165	139	0.44	48424751	43.91	44.73	43.62	47494501	44.5849010217232	44.1862010862454	44.3382481599184
rs928037	SNP	rs928037	310	0.52	48431677	43.91	44.73	43.62	47501427	44.5882857041692	44.1888582000391	44.3397626304794
rs11157610	SNP	rs11157610	225	0.4	48628923	43.91	44.73	43.84	47698673	44.6989302005106	44.2715180102745	44.3879044092309
D14S561	STS	UT7789	53	0.79	48802131	44.13	44.78	44.01	47871880	44.8168494025456	44.3542399422333	44.4329147319148
D14S746	STS	D14S746	638	0.74	49092308	44.15	44.81	44.01	48162058	45.0250677824433	44.5082429906122	44.5158428664565
rs1953916	SNP	rs1953916	184	0.41	49160200	44.15	44.81	44.01	48229950	45.0837625523917	44.5453158190207	44.5371592514321
rs1953915	SNP	rs1953915	207	0.45	49160489	44.15	44.81	44.01	48230239	45.0840554404282	44.5454839771451	44.5372367734113
rs2223	SNP	WIAF-694	33	0.12	49441957	44.37	45.33	44.01	48511707	45.3673754541885	44.711592791132	44.6204159725162
rs764602	SNP	rs764602	193	0.5	49480419	44.63	45.84	44.01	48550169	45.4092515509898	44.73823870691	44.633134243535
D14S255	STS	AFM220ZH4	550	0.55	49519734	44.63	45.84	44.01	48589483	45.4526075444388	44.7646065830753	44.6465338019089
D14S136	STS	UT473	43	0.46	49686541	44.63	45.84	44.01	48756290	45.6500212059251	44.8940998341429	44.7071270773771
D14S269	STS	AFM267ZD5	1048	0.76	49777403	44.63	45.84	44.01	48847077	45.7555506346115	44.9647191135986	44.7412288779663
rs1947393	SNP	rs1947393	259	0.58	49982596	45.03	46.36	44.12	49052346	46.0671911791103	45.1738328376491	44.8283847912506
rs1349750	SNP	rs1349750	266	0.5	50042768	45.03	46.36	44.32	49112518	46.1524553188655	45.2492180527112	44.8569766714657
D14S984	STS	AFMA175VF5	110	0.6	50097329	45.03	46.36	44.35	49166990	46.230938775225	45.3092837859756	44.8813457211651
D14S1031	STS	AFMB359ZD1	789	0.64	50311285	45.03	46.36	44.35	49380922	46.5667820630564	45.5336975297926	44.9729340665336
rs941606	SNP	rs941606	248	0.57	50410576	45.03	46.36	44.35	49480326	46.7104644331454	45.6353995346822	45.013371269991
rs719390	SNP	rs719390	140	0.49	50563262	45.18	47.1	44.37	49633012	46.9178832911274	45.7642095813025	45.0727350730195
rs8018211	SNP	rs8018211	307	0.47	50821428	45.77	47.68	44.37	49891178	47.2813955486322	45.9957124440478	45.1771168982796
rs11157743	SNP	rs11157743	193	0.4	50861993	46.25	47.68	44.89	49931743	47.3449198049866	46.0340334096684	45.1947569326877
rs11844740	SNP	rs11844740	284	0.53	50877854	46.25	47.68	44.89	49947604	47.3698334061817	46.0491689823765	45.2017119348885
rs923908	SNP	rs923908	312	0.48	51123595	46.25	47.68	44.89	50193345	47.7793796169701	46.2985734726792	45.3143399465422
D14S978	STS	AFMA122YA5	137	0.84	51913120	46.25	47.68	44.89	50982808	49.5759243986870	47.3327744138804	45.7575366952967
rs720198	SNP	rs720198	25	0.05	51983804	46.29	48.77	44.89	51053554	49.7220347616591	47.4102326370776	45.7937845287453
rs726529	SNP	rs726529	139	0.36	52033612	46.77	49.86	44.89	51103362	49.8159146890258	47.4664584166296	45.8211413880504
rs726531	SNP	rs726531	126	0.35	52033691	46.77	49.86	44.89	51103441	49.8160512033921	47.4665632649587	45.8211854856765
rs726532	SNP	rs726532	111	0.28	52033893	46.77	49.86	44.89	51103643	49.8164002654425	47.4668313581547	45.8212982416317
rs735265	SNP	rs735265	123	0.23	52120264	47.66	50.06	45.31	51190014	49.9713476809067	47.5744469520415	45.8700168439145
rs8021661	SNP	rs8021661	219	0.41	52144437	47.66	50.69	45.31	51214187	50.0140119806728	47.6019090743276	45.8836692721707
rs11157840	SNP	rs11157840	220	0.48	52161696	47.66	50.69	45.72	51231446	50.0426135574778	47.6210752594166	45.8933132963972
rs1618825	SNP	rs1618825	203	0.48	52407340	48.2	51.28	45.72	51477090	50.4625591009686	47.8870701543928	46.0209217642648
D14S1018	STS	AFMB314ZB5	856	0.74	52494222	48.2	51.28	45.72	51563883	50.6044318735897	47.9775942279892	46.0657218636388
rs2180508	SNP	TSC1223792	176	0.21	52557466	48.2	51.28	45.72	51627216	50.7157600166228	48.0531436687523	46.1002007648939
rs2144976	SNP	TSC1164368	176	0.21	52561048	48.2	51.28	45.72	51630798	50.7222431909224	48.0577770361908	46.1021998564813
rs1390375	SNP	rs1390375	169	0.4	52761693	48.2	51.28	45.72	51831443	51.0383238024433	48.2948918288473	46.2176768404849
rs2357631	SNP	rs2357631	191	0.33	52967503	48.2	51.28	45.72	52037253	51.2600639578279	48.4646188577906	46.2863879472708
rs1006237	SNP	rs1006237	160	0.36	53001304	48.2	51.28	45.72	52071054	51.2927102113479	48.4917264501337	46.294812015175
rs762063	SNP	rs762063	263	0.45	53098902	48.2	51.28	45.72	52168652	51.3987937348915	48.5595962687895	46.3215865187675
rs722290	SNP	rs722290	181	0.42	53216723	48.2	51.28	45.72	52286473	51.5294899807243	48.6574883454588	46.3590999954177
D14S589	STS	ACT2F03	461	0.45	53380346	48.2	51.28	45.72	52449987	51.6964206430667	48.7811038674454	46.4196158996934
rs1112777	SNP	TSC0052136	290	0.35	53407575	48.2	51.28	45.72	52477325	51.7216029337314	48.7978743969054	46.4296669639096
rs1958909	SNP	TSC1042372	195	0.39	53444727	48.2	51.28	45.72	52514477	51.7546693847764	48.8203220542619	46.4431103079608
rs1958907	SNP	TSC1042370	324	0.53	53449373	48.2	51.55	45.72	52519123	51.7580631587205	48.8233536968707	46.4445177526842
D14S989	STS	AFMA212ZB9	604	0.8	53705044	48.92	52.43	45.99	52774781	52.0183005730194	49.0039943327769	46.5330347273327
rs1469196	SNP	rs1469196	172	0.38	53706908	48.92	52.43	45.99	52776658	52.0210605692934	49.0059413213727	46.533901674557
rs763328	SNP	rs763328	45	0.12	53707009	48.92	52.43	45.99	52776759	52.0212101184478	49.0060468180724	46.5339486497017
rs719588	SNP	rs719588	172	0.38	53707066	48.92	52.43	45.99	52776816	52.0212945174755	49.0061063558138	46.5339751604269
rs735199	SNP	rs735199	235	0.49	53815233	48.92	52.43	45.99	52884983	52.1789029089818	49.123562134636	46.6038411173148
D14S562	STS	UT7952	1027	0.88	53950460	48.92	52.43	45.99	53019914	52.3761243209077	49.2834138851491	46.7101855424047
D14S139	STS	UT1569	170	0.86	53969464	48.92	52.43	45.99	53039156	52.404484978675	49.3065096768481	46.7282744544149
D14S1401	STS	D14S1401	96	0.51	53971281	48.92	52.43	46.2	53041030	52.4071965822933	49.3087178989864	46.7300039615252
rs1380124	SNP	rs1380124	167	0.5	54205080	49.8	52.87	46.59	53274830	52.746094630449	49.6047868255513	46.998631925453
rs17563	SNP	rs17563	212	0.48	54417522	49.8	53.54	46.59	53487272	53.1156488530622	49.9078764120231	47.2910429242556
D14S747	STS	GATA85D04	817	0.68	54567646	49.8	53.54	46.59	53637396	53.3723222747566	50.1537150812499	47.5539341939211
rs1950209	SNP	rs1950209	258	0.48	54767649	49.8	53.54	47.21	53837399	53.6177467572303	50.4596445236666	48.0592677550389
D14S281	STS	AFM309XH5	126	0.65	55106450	50.77	53.97	48.39	54176195	54.0784282685401	50.9409133060918	48.6677535527314
D14S991	STS	AFMA222WC9	745	0.68	55224025	50.84	54.09	48.41	54293708	54.260118557101	51.0925518206015	48.8519963312699
D14S1057	STS	AFMA046XF1	626	0.81	55367474	50.84	54.49	48.41	54437064	54.4744329021703	51.2671643972278	49.005658076426
rs943912	SNP	rs943912	219	0.36	55385327	51.22	54.81	48.71	54455077	54.501379627118	51.2859947693984	49.0211876562958
rs1354	SNP	WIAF-3283	17	0.09	55406992	51.31	54.9	48.71	54476742	54.5345384201626	51.3101474877825	49.0394850143931
rs11849878	SNP	rs11849878	267	0.45	55513848	51.31	54.93	48.71	54583601	54.7044180106731	51.4394140479385	49.1295808503009
D14S276	STS	AFM292WE1	145	0.77	55683016	51.31	54.93	48.71	54752768	54.9981329127238	51.6450296158946	49.2481879721075
rs922656	SNP	rs922656	259	0.44	56472487	52.24	56.53	48.71	55542240	57.0730326920915	52.895822500187	49.5289830851132
D14S1064	STS	AFMA061WB5	148	0.83	56503572	52.5	57.05	48.71	55573324	57.1694926633249	52.9527730425021	49.5400141292355
rs241557	SNP	rs241557	227	0.48	56550420	52.52	57.07	48.71	55620173	57.3127256245267	53.029176523905	49.5551551344574
D14S745	STS	D14S745	670	0.74	56551682	52.52	57.07	48.71	55621435	57.3165254363537	53.0313610351437	49.5556185687318
rs1046597	SNP	rs1046597	240	0.46	56584625	52.52	57.07	48.71	55654378	57.4157149775708	53.0883850872308	49.5677159659593
D14S1056	STS	AFMA041TA5	826	0.68	56648462	52.78	57.52	48.71	55718142	57.6061185178465	53.2001614846509	49.5863155572839
rs715756	SNP	rs715756	283	0.47	56704420	52.78	57.52	49.22	55774173	57.7745184280052	53.3010720918132	49.603540951021
D14S282	STS	AFM311WD1	122	0.72	56946305	52.78	57.52	49.22	56015901	58.523068801223	53.7216407687219	49.6792444031456
rs1889383	SNP	TSC0910934	221	0.28	56958040	53.77	59.06	49.22	56027793	58.5605747051446	53.744934447871	49.6837204938624
rs1209485	SNP	TSC1033378	408	0.49	56959440	53.77	59.06	49.22	56029193	58.5650492058255	53.7477134125756	49.6842544970157
D14S285	STS	D14S285	606	0.81	56974385	53.77	59.06	49.22	56044071	58.612814500594	53.7773788607974	49.6899549806767
rs1959068	SNP	rs1959068	167	0.41	56999532	53.77	59.06	49.22	56069285	58.6947856169396	53.8250585864647	49.701125407395
rs1959064	SNP	TSC1042614	145	0.31	57044005	53.77	59.06	49.22	56113758	58.8415897079831	53.9088622911806	49.7209861388925
D14S66	STS	AFM109YA3	831	0.63	57050648	53.77	59.06	49.22	56120368	58.86409697675	53.9214991562765	49.7237506663525
D14S980	STS	AFMA137YA9	1063	0.88	57152567	54.05	59.62	49.22	56222231	59.2275083606059	54.1185917452507	49.7710907636591
rs999881	SNP	rs999881	267	0.51	57528636	55.06	61.45	49.47	56598389	60.7773740630109	55.0003100521756	49.9969290008131
D14S274	STS	AFM288VG1	760	0.62	57659523	55.38	62.03	49.47	56729090	61.1945096988204	55.2398295647047	50.0555307913571
rs1565946	SNP	rs1565946	217	0.32	58027836	55.38	62.03	49.47	57097589	62.1938389586944	55.796781843676	50.1887198652723
rs2297113	SNP	rs2297113	230	0.37	58036494	55.38	62.03	49.47	57106247	62.2158890831585	55.8069882176646	50.1916568936662
rs768221	SNP	rs768221	283	0.52	58154604	55.44	62.47	49.47	57224357	62.4927368844493	55.9614899357451	50.2399727491898
rs1073382	SNP	rs1073382	311	0.5	58203151	55.62	62.47	49.47	57272904	62.5905101874603	56.0218112830186	50.264185814508
rs1950996	SNP	rs1950996	301	0.53	58236413	55.62	62.47	49.49	57306166	62.6549097615371	56.0645262149612	50.2816430591923
rs812691	SNP	rs812691	129	0.3	58390210	55.62	62.47	49.81	57459963	62.9814980777066	56.2587101468156	50.3597475642252
rs1955641	SNP	rs1955641	152	0.3	58490907	56.51	63.76	50.14	57560660	63.2025387247117	56.3914350971326	50.4092520317329
rs178498	SNP	rs178498	282	0.49	58530849	56.51	63.76	50.14	57600602	63.2774281579347	56.436030002075	50.4287442918084
rs311848	SNP	rs311848	217	0.44	59201080	56.51	63.76	50.14	58270833	64.4470025736365	57.1473153536333	50.6864913078074
D14S732	STS	ATA10A12	83	0.74	59209866	56.51	63.76	50.14	58279525	64.4567897491185	57.1547032082095	50.6872409715412
rs66616	SNP	rs66616	124	0.27	59216498	57.1	65.04	50.14	58286251	64.4650573028993	57.1596392180187	50.6877444704957
rs731700	SNP	rs731700	256	0.51	59265126	57.1	65.04	50.14	58334879	64.5267530483249	57.1950486973563	50.6913600550392
rs1040738	SNP	rs1040738	105	0.2	59440853	57.1	65.04	50.14	58510606	64.722290160641	57.3125047903697	50.7023332917394
ATA9G12	STS	ATA9G12	58	0.67	59463217	57.19	65.06	50.14	58532970	64.7450810415323	57.325378364939	50.7035662957746
rs1954004	SNP	rs1954004	122	0.3	59558119	57.19	65.06	50.14	58627872	64.8338251930152	57.3796548277228	50.7086655241427
rs885355	SNP	TSC0031366	126	0.31	59563305	57.19	65.06	50.14	58633058	64.8384137165718	57.3823358188454	50.7089259108529
rs1959658	SNP	TSC1043483	277	0.47	59570213	57.19	65.06	50.14	58639966	64.8445258493772	57.3859070272285	50.7092727584028
rs1959656	SNP	TSC1043481	341	0.47	59586553	57.19	65.06	50.14	58656306	64.8589833262216	57.3943542688295	50.7100931823991
D14S1038	STS	AFMC024XF1	748	0.73	59623327	57.19	65.06	50.14	58692967	64.8859151196439	57.409226401489	50.7117418880781
rs1253005	SNP	rs1253005	247	0.47	59731245	57.19	65.06	50.14	58800998	64.94738494574	57.4339621375676	50.7164908938713
rs1951483	SNP	rs1951483	129	0.26	59795561	57.19	65.06	50.14	58865314	64.9692912887573	57.4428378323049	50.7192727336172
rs755011	SNP	rs755011	214	0.52	59815040	57.19	65.06	50.14	58884793	64.9738964692724	57.4454146541935	50.7200901657906
rs1262129	SNP	rs1262129	210	0.5	59947508	57.19	65.06	50.14	59017261	64.9968002869355	57.4606401227609	50.7253719916956
rs1253113	SNP	rs1253113	203	0.4	59961244	57.19	65.06	50.14	59030997	64.999018766849	57.4620315154246	50.7258662727866
rs219322	SNP	rs219322	97	0.22	60440648	57.19	65.06	50.14	59510401	65.0767703829714	57.5064523291447	50.7442865117716
D14S994	STS	AFMA226YD9	763	0.62	60684692	57.19	65.06	50.14	59754388	65.1167618137627	57.5295409300555	50.7533596726193
D14S586	STS	GATA51F02	66	0.83	60802876	57.19	65.06	50.14	59872628	65.1335322122314	57.5398053665835	50.7580627946536
D14S1429	STS	D14S1429	683	0.6	60898237	57.19	65.06	50.14	59967905	65.146844732659	57.5487795770303	50.7617039057547
rs1254332	SNP	rs1254332	48	0.12	60916587	57.19	65.35	50.14	59986340	65.1495968982434	57.5507802810207	50.7625235258342
D14S592	STS	ATA19H08	526	0.71	61396856	57.4	65.44	50.14	60466609	65.4690357724738	57.7218401746553	50.7864348921583
rs718028	SNP	rs718028	131	0.33	61824226	57.4	65.44	50.14	60893979	66.614529711895	58.3514260941867	50.8224848862575
rs1570718	SNP	rs1570718	189	0.32	61882272	57.4	65.44	50.14	60952025	66.7785373413305	58.440330154016	50.8312740762011
rs2181985	SNP	rs2181985	215	0.34	61940910	58.08	66.67	50.14	61010663	66.9356930879749	58.5240023736301	50.8466603228282
rs2245448	SNP	rs2245448	173	0.29	61972815	58.08	66.67	50.14	61042568	67.0203555029806	58.5651150384265	50.8534466347558
rs912377	SNP	rs912377	239	0.39	62361902	59.43	69.19	50.21	61431655	67.9220630518793	59.0335955070851	50.9325352010551
rs1959959	SNP	rs1959959	230	0.49	62593736	59.43	69.19	50.39	61663489	68.4131963405907	59.2942016671846	50.9773885180672
rs1399520	SNP	rs1399520	222	0.57	62682268	59.43	69.19	50.58	61752021	68.6223890443302	59.4044669225745	51.000630473867
D14S997	STS	AFMA247WE5	149	0.86	62700493	59.43	69.19	50.58	61770133	68.6649598511202	59.4272476049828	51.0053082161429
rs1113085	SNP	rs1113085	64	0.14	62739514	59.43	69.19	50.58	61809267	68.7540074242584	59.4743408446418	51.014775014547
rs1113084	SNP	rs1113084	258	0.46	62739621	59.43	69.19	50.58	61809374	68.754251602786	59.4744699796369	51.0148009735800
rs869834	SNP	rs869834	309	0.48	63177144	59.43	69.19	50.58	62246897	69.4331614148806	59.8519693004965	51.1283167766748
rs2065632	SNP	rs2065632	254	0.48	63265898	59.53	69.3	50.58	62335651	69.50441031658	59.9009013052477	51.1560400777171
rs243147	SNP	rs243147	200	0.48	63304636	59.65	69.62	50.58	62374389	69.5248756276354	59.9184994647321	51.168038723194
rs1956011	SNP	rs1956011	172	0.48	63323954	59.65	69.62	50.58	62393707	69.5326072602257	59.9263175667904	51.1739956828666
rs1950572	SNP	rs1950572	223	0.48	63392855	59.65	69.62	50.58	62462608	69.554738677058	59.9525061651045	51.1951910299336
rs1255504	SNP	rs1255504	239	0.49	63423687	59.65	69.62	50.58	62493440	69.5620470971276	59.9608557380015	51.2036902012679
D14S290	STS	AFM343ZE5	168	0.79	63532853	59.65	69.62	50.58	62602576	69.5882441769373	59.9948307284643	51.2370182451806
D14S1059	STS	AFMA052YA9	712	0.58	63548038	59.65	69.62	50.58	62617637	69.591654354541	59.9996771141216	51.2427075019542
rs1951806	SNP	rs1951806	116	0.33	63561133	59.65	69.62	50.58	62630886	69.5945951695375	60.0038564634915	51.247613713179
rs2008762	SNP	rs2008762	34	0.07	63742499	59.65	69.62	50.58	62812252	69.6735980303407	60.1078141869321	51.3447287549233
rs728525	SNP	rs728525	143	0.28	63780711	59.65	69.63	50.58	62850464	69.6927049744339	60.1310272401197	51.3629096628817
rs728527	SNP	rs728527	115	0.25	63781004	59.65	69.63	50.58	62850757	69.692851481673	60.13120523197	51.3630490695088
rs1268645	SNP	rs1268645	75	0.18	63787519	59.99	70.01	50.62	62857272	69.6959585795524	60.1351436744601	51.3663542324901
D14S1012	STS	AFMB076XE1	727	0.76	63822378	59.99	70.01	50.86	62892071	69.711776144017	60.1561131678192	51.3851398794649
D14S1001	STS	AFMA311YH1	123	0.67	64093810	60.35	70.01	51.25	63163561	69.84520396791	60.3479910672517	51.5633285301701
D14S992	STS	AFMA225XE1	128	0.7	64205662	60.35	70.01	51.25	63275243	69.8779722208378	60.4315407325432	51.6709550340471
rs11158533	SNP	rs11158533	270	0.46	64622988	60.35	70.01	51.25	63692741	70.0519337517944	60.6948525922293	52.0345494892256
D14S63	STS	AFM058YH2	850	0.76	64651007	60.35	70.25	51.25	63720759	70.0797747870114	60.7179970048895	52.0513266997341
rs2256191	SNP	rs2256191	241	0.45	64656855	60.64	70.25	51.71	63726608	70.0859809474046	60.7227958560867	52.054739740249
D14S1026	STS	AFMB336XF5	539	0.8	64720245	60.64	70.25	51.71	63789940	70.1683600625111	60.7749724678311	52.0887876733904
rs1453007	SNP	rs1453007	256	0.48	64974203	60.64	70.41	51.71	64043956	70.574328045748	61.0227198738736	52.2074023272764
rs1542313	SNP	rs1542313	284	0.5	65000038	60.64	70.41	51.71	64069791	70.6172478622979	61.05131203451	52.2204168430445
D14S982	STS	AFMA162XA5	937	0.76	65081024	60.64	70.41	51.71	64150763	70.7433346474888	61.1320052574684	52.2639244924536
D14S271	STS	AFM277XE9	914	0.72	65133305	60.64	70.41	51.71	64203034	70.8229931436031	61.1838540086044	52.2936146097263
D14S1024	STS	AFMB329ZE5	589	0.62	65176354	60.64	70.41	51.71	64246038	70.8867842767101	61.2273040124854	52.3174282535742
D14S1046	STS	AFM333ZH5	166	0.95	65183113	61.08	71.24	51.71	64252753	70.8966730466595	61.2341327242626	52.3211214949265
rs229670	SNP	rs229670	177	0.36	65283501	61.08	71.24	51.71	64353254	71.0701993466834	61.339224378838	52.3697290983905
rs1262271	SNP	rs1262271	140	0.31	65710122	61.71	72.32	51.71	64779875	71.8203718397684	61.8258792898771	52.5882984341048
rs1383595	SNP	rs1383595	74	0.14	65710211	61.71	72.32	51.9	64779964	71.8204971073894	61.825960877523	52.5883489097397
D14S57	STS	D14S57	428	0.54	65762982	61.71	72.32	51.95	64832734	71.9030603941775	61.8795573415484	52.6168129740044
D14S981	STS	AFMA153TE1	649	0.59	65814505	61.71	72.32	51.95	64884156	71.9915931879406	61.9367969373875	52.6420897641848
rs1959144	SNP	rs1959144	228	0.47	65946051	62.06	72.9	51.95	65015804	72.2329349660068	62.0825592736503	52.7004847578704
rs1113962	SNP	rs1113962	178	0.42	66005798	62.06	72.9	51.95	65075551	72.3197591895998	62.144835066414	52.7315429361681
D14S125	STS	UT1719	626	0.67	66378024	62.38	72.9	52.67	65447645	72.7235319850153	62.4546876736872	52.9147155410736
rs975232	SNP	rs975232	238	0.42	66578489	62.42	72.9	52.67	65648242	72.8857693184216	62.5859575651364	53.0102206735022
rs12433426	SNP	rs12433426	189	0.29	66991167	62.42	72.9	52.67	66060920	73.0310252801178	62.7121656229157	53.1863437959913
rs7156426	SNP	rs7156426	323	0.47	67310195	62.42	72.9	52.67	66379948	73.0850167167317	62.7392647756261	53.237546510524
rs728647	SNP	rs728647	107	0.2	67378055	62.42	72.9	52.67	66447808	73.0968881304221	62.7452850374844	53.2460106911727
rs1950284	SNP	rs1950284	37	0.09	67483521	62.42	72.9	52.67	66553274	73.1217497277977	62.7549813143546	53.2603929961639
rs1316226	SNP	rs1316226	313	0.54	67942520	62.67	73.87	52.67	67012273	73.363432737685	62.8542817752426	53.3061662043679
rs718212	SNP	rs718212	252	0.43	68196636	62.67	73.87	52.67	67266389	73.5767019321052	62.9795961770509	53.3379801361531
rs961700	SNP	TSC0265805	234	0.51	68331437	62.68	73.9	52.67	67401190	73.715599548726	63.0640391147142	53.3671499168627
rs1950769	SNP	rs1950769	234	0.51	68354542	62.68	73.9	52.67	67424295	73.7411706309004	63.078951053607	53.3727491025763
rs1015023	SNP	rs1015023	234	0.51	68362231	62.68	73.9	52.67	67431984	73.7499390860934	63.0841495617206	53.3744884609575
D14S1069	STS	AFM114YH10	717	0.79	68388190	63.02	74.27	52.67	67457906	73.7801566181956	63.1022605423728	53.3800665360678
rs927221	SNP	TSC0243654	135	0.27	68842160	63.21	74.27	52.98	67911913	74.394451914786	63.4922336417418	53.5045906607532
D14S119	STS	UT601	845	0.83	68892630	63.21	74.27	52.98	67962367	74.4709150833229	63.5414773998383	53.5174731770578
D14S1065	STS	AFMA064ZH5	998	0.78	68905702	63.21	74.27	52.98	67975402	74.4916085000523	63.5542645214024	53.5208718957642
rs2679	SNP	WIAF-402	79	0.47	69023999	63.21	74.27	52.98	68093752	74.6864021574303	63.6684721900226	53.5544650103122
rs761951	SNP	rs761951	122	0.29	69089486	63.21	74.27	52.98	68159239	74.7950617550688	63.7298703103208	53.570226602987
rs4902628	SNP	rs4902628	302	0.48	69133268	63.21	74.27	52.98	68203021	74.8615174301991	63.7746793745787	53.5837768140917
rs52701	SNP	rs52701	141	0.57	69214958	63.78	75.44	53.02	68284711	75.0004949584614	63.8720174276671	53.6068393028802
rs11158763	SNP	rs11158763	249	0.53	69253343	63.86	75.52	53.08	68323096	75.0726624081806	63.9125269918862	53.6172267276562
D14S540	STS	MFD326	731	0.73	69309717	63.92	75.66	53.08	68379470	75.1737404345801	63.9708029098945	53.6329768007459
D14S1011	STS	AFMB027YC9	154	0.84	69565915	64.19	76.25	53.11	68635666	75.7176878572437	64.2625278297031	53.6800720595285
rs1043254	SNP	rs1043254	272	0.42	69708241	64.19	76.25	53.11	68777994	76.1056655097236	64.4276139186327	53.7010679223460
rs1954119	SNP	rs1954119	151	0.45	69771130	64.19	76.25	53.18	68840883	76.2938067415548	64.4982155568936	53.7107786026407
D14S554	STS	CMM6	442	0.43	69873939	64.68	77.18	53.18	68943561	76.5026057590095	64.6151240120542	53.7310480892496
D14S588	STS	GGAA4A12	770	0.74	70220286	64.68	77.18	53.18	69290039	77.2635347447154	65.0703992860406	53.9134127216044
rs3104	SNP	WIAF-1036	94	0.45	70235741	64.68	77.3	53.18	69305494	77.3005726302783	65.0914513664336	53.9231047590675
rs10136529	SNP	rs10136529	202	0.45	70284900	64.68	77.3	53.18	69354653	77.4241693358974	65.1696212602951	53.9562017999659
rs1887146	SNP	rs1887146	214	0.37	70332971	64.68	77.3	53.18	69402724	77.5518373550104	65.257395319735	53.9906370535184
rs722814	SNP	rs722814	82	0.17	70356168	64.68	77.3	53.18	69425921	77.6130002032805	65.2969632193414	54.0064563547209
rs722816	SNP	rs722816	53	0.39	70356234	64.68	77.3	53.3	69425987	77.6131742235412	65.2970757977512	54.0065013637255
D14S580	STS	ATA4B10	137	0.55	70431950	65.26	77.9	53.49	69501610	77.8109453136786	65.4242040456152	54.0552957617717
D14S1029	STS	AFM268YA9	60	0.41	70490501	65.26	77.9	53.49	69560153	77.9626693436092	65.5183439508813	54.0899599341837
D14S603	STS	GATA28E10	718	0.63	70523953	65.26	77.9	53.49	69593706	78.0495669482509	65.5696430358522	54.1054412207559
D14S258	STS	AFM224ZF12	776	0.76	70583011	65.26	78.15	53.49	69652604	78.2066941273143	65.6729649510289	54.1413882019871
rs2893	SNP	WIAF-823	79	0.41	70584422	65.26	78.15	53.55	69654175	78.2104698512556	65.6755079594046	54.1422973343019
rs2604	SNP	rs2604	36	0.27	70611959	65.87	78.94	53.86	69681712	78.2840366043406	65.7234054893737	54.159555550527
rs2605	SNP	WIAF-295	40	0.2	70612149	66	79.08	53.9	69681902	78.2845439905338	65.7237329409647	54.1596737807902
rs3839	SNP	WIAF-2677	22	0.15	70791872	66.03	79.12	53.9	69861625	78.8057598528228	66.0534784964474	54.2836667807483
D14S251	STS	AFM203ZB2	505	0.82	71125581	66.18	79.48	53.9	70195333	79.8332190844942	66.7131001328501	54.4963017821243
rs8688	SNP	rs8688	231	0.46	71139279	66.69	80.35	53.95	70209032	79.8741616169529	66.7372071957098	54.5022792136554
rs2158529	SNP	TSC1189157	383	0.51	71259881	66.69	80.35	53.95	70329634	80.1765573110824	66.9035500717867	54.5344129696984
D14S1002	STS	AFMA336YC5	831	0.82	71301009	66.69	80.35	53.95	70370676	80.276275460508	66.95597842302	54.5422486504747
rs979536	SNP	TSC0294039	247	0.27	71309483	66.69	80.35	53.95	70379236	80.2990256396001	66.9681910923624	54.543463415437
rs1990037	SNP	TSC0847785	225	0.25	71314581	66.69	80.35	53.95	70384334	80.3127122590256	66.9755382941924	54.5441942240018
rs987579	SNP	rs987579	92	0.19	71513480	66.95	80.35	53.95	70583233	80.7632316533885	67.2102467700907	54.5668300256644
D14S289	STS	AFM330ZA9	155	0.73	71565203	66.95	80.53	53.95	70634818	80.8681047839928	67.258029618557	54.5709339393208
rs221924	SNP	rs221924	298	0.52	71580778	67	81.3	53.95	70650531	80.8986536279668	67.2726093517847	54.5722895081988
rs1978163	SNP	TSC0923676	104	0.15	71600637	67	81.3	53.95	70670390	80.9370126363224	67.2913025590894	54.5740922021797
rs1012725	SNP	TSC0093486	218	0.32	71605711	67	81.3	53.95	70675464	80.9468134122122	67.2960786975588	54.5745527928066
rs1859551	SNP	rs1859551	288	0.5	72165208	67	81.3	53.95	71234961	81.7817817246536	67.6330945187035	54.6266479586154
rs36409	SNP	rs36409	163	0.35	72357200	67.59	82.56	53.95	71426953	82.1076380590537	67.8144784392646	54.7073303512153
rs2013781	SNP	rs2013781	149	0.36	72357320	67.59	82.56	53.99	71427073	82.1078841261975	67.8145919887201	54.7073973698959
rs149633	SNP	rs149633	297	0.5	72657084	67.83	82.56	54.3	71726837	82.7429020004947	68.2738599397104	55.002301538168
rs2283414	SNP	rs2283414	137	0.28	72658989	67.83	82.56	54.3	71728742	82.746613424391	68.2762957024202	55.0040445161172
rs763507	SNP	rs763507	140	0.46	72666742	67.83	82.56	54.3	71736495	82.7637649731362	68.2892177574995	55.0119007166917
rs2239257	SNP	rs2239257	312	0.54	72735003	67.83	82.56	54.3	71804756	82.9092144971222	68.3984802687418	55.0812751932303
rs917284	SNP	rs917284	200	0.51	72737111	67.83	82.56	54.3	71806864	82.9133357184467	68.4015540310642	55.0834312270496
D14S277	STS	AFM295ZD5	850	0.75	73027458	68.45	83.22	54.85	72097057	83.5357672930853	68.897598698294	55.4075227921692
rs3291	SNP	WIAF-1778	36	0.17	73030410	69.23	84.32	55.16	72100163	83.5420305671026	68.9026459252285	55.4110254299934
D14S268	STS	AFM265VB9	870	0.74	73271719	69.27	84.5	55.16	72341471	84.0332672392591	69.3238135834133	55.6993121475741
D14S620	STS	D14S620	356	0.31	73331363	69.27	84.5	55.16	72400968	84.141038836103	69.42434049772	55.7719046517353
D14S1028	STS	AFMB345WC1	721	0.84	73382402	69.27	84.5	55.16	72452065	84.260168547949	69.5243881439093	55.843799858338
rs2572	SNP	WIAF-246	40	0.23	73426290	69.41	84.5	55.4	72496043	84.3510738057224	69.6043717317938	55.8919921234348
D14S77	STS	AFM218ZH4	562	0.93	73570540	69.55	84.5	55.64	72640195	84.5318135064786	69.7634807190005	56.0174893682257
rs1074501	SNP	rs1074501	234	0.43	73989859	70.12	85.45	55.64	73059612	85.0645949191032	70.180181848715	56.3205931803186
D14S1004	STS	AFMA337ZD5	648	0.69	74168731	70.12	85.45	55.64	73238473	85.2450745912965	70.3068352526497	56.4045516084707
rs977357	SNP	TSC0290737	214	0.36	74211313	70.12	85.45	55.9	73281066	85.286332404982	70.3354559187066	56.4224242515312
D14S1025	STS	AFMB335XG5	170	0.95	74239463	70.12	85.45	55.9	73309209	85.3156834080267	70.3551992499608	56.434481996881
rs1860138	SNP	TSC0849071	357	0.53	74296742	70.12	85.45	55.9	73366495	85.3872318033484	70.4016068429272	56.4586767036963
rs1558174	SNP	TSC0445810	240	0.42	74298879	70.12	85.45	55.9	73368632	85.3901870855576	70.4034025891473	56.4594928253455
rs727523	SNP	rs727523	42	0.4	74378135	70.12	85.45	55.9	73447888	85.489630140686	70.4722924970634	56.4909488207677
D14S986	STS	AFMA184XA5	124	0.8	74509354	70.12	85.45	55.9	73579096	85.6600340174224	70.5703043678176	56.5403280369256
rs7153587	SNP	rs7153587	322	0.49	74509660	70.12	85.45	55.9	73579413	85.6604655635794	70.5705175268525	56.5404314853577
rs1536	SNP	rs1536	19	0.13	74524529	70.12	85.45	55.9	73594282	85.676809513894	70.583441756502	56.546375335605
rs1468507	SNP	TSC0385655	219	0.45	74572098	70.12	85.45	55.9	73641851	85.7297858932727	70.62449100708	56.5646216175055
D14S71	STS	AFM197XF12	457	0.77	74580842	70.12	85.45	55.9	73650565	85.7406302310167	70.631504566219	56.5671402350853
D14S1047	STS	AFM336WF5	1143	0.8	74898795	70.84	86.63	56.12	73968397	86.1442788480542	70.8751061891274	56.6418524916888
rs1125221	SNP	rs1125221	293	0.57	74912830	70.84	86.63	56.12	73982583	86.1626799977547	70.88542010334	56.6439857313351
D14S43	STS	2E12B	374	0.79	74943685	70.84	86.63	56.12	74013434	86.2031336831132	70.9080945474464	56.6486755146831
D14S1045	STS	AFM326TB5	524	0.65	75048836	70.94	86.81	56.12	74118588	86.3352703434421	70.9851762704707	56.6649772931499
D14S999	STS	AFMA285WC9	783	0.83	75325423	70.94	86.81	56.12	74395130	86.8209458883396	71.2739346827686	56.7358366560212
rs175072	SNP	rs175072	138	0.51	75502827	70.94	86.81	56.12	74572580	87.1642251386243	71.4774337033099	56.8054654750751
D14S1433	STS	D14S1433	540	0.53	75613573	70.94	86.81	56.12	74683325	87.3822068943089	71.6181887063693	56.8502823802405
D14S284	STS	AFM318TH1	668	0.8	75708386	71.36	87.41	56.12	74778131	87.570155355032	71.7370944726675	56.8887411098865
FOS	other	FOS	72	0.19	75748689	71.36	87.41	56.12	74818477	87.6485668302178	71.7872363978734	56.9056287461406
D14S273	STS	AFM283VA9	142	0.74	75777874	71.39	87.7	56.12	74847621	87.7087689089735	71.823312404995	56.9193596454582
D14S76	STS	AFM214ZG3	941	0.71	75782273	71.43	87.87	56.12	74851927	87.7182969197203	71.8287190640092	56.9216285215976
D14S1036	STS	AFMC009WB5	1051	0.82	75796968	71.78	87.87	56.53	74866685	87.750125543936	71.8467801811298	56.929207774807
rs721379	SNP	rs721379	45	0.08	75902562	71.78	87.87	56.53	74972315	87.9508085882369	71.9696550982014	56.9842524598252
rs909220	SNP	rs909220	133	0.52	75908780	71.82	88.73	56.53	74978533	87.9631639539013	71.9760182543807	56.9875846831676
D14S61	STS	AFM025TC9	1068	0.8	76335308	72.82	89.79	56.94	75404993	88.8920624746175	72.549739044275	57.2624759027913
rs935340	SNP	rs935340	135	0.31	76591206	72.82	89.79	56.94	75660959	89.7654960731134	73.0825000355307	57.480377924166
D14S270	STS	AFM270ZH1	104	0.7	76650113	72.82	89.79	56.94	75719858	89.9624964207701	73.2065130371795	57.5330859395175
D14S560	STS	UT7997	33	0.3	76793803	72.82	89.79	56.94	75863555	90.5100803322745	73.5405688448384	57.6557763104511
rs6574292	SNP	rs6574292	242	0.44	76866718	72.82	89.79	56.94	75936471	90.8133693749766	73.71727316117	57.7168545490823
rs1077429	SNP	rs1077429	243	0.42	76897770	73.31	90.78	56.94	75967523	90.915643775587	73.7856930332575	57.739706548433
D14S53	STS	MFD190	909	0.72	76922364	73.31	90.78	56.94	75992089	90.9999104109763	73.8404135299277	57.7580705667379
D14S42	STS	D14S42	831	0.54	77130399	74.03	91.56	57.44	76200151	91.8060100281023	74.340168263345	57.9187481444103
rs760267	SNP	rs760267	226	0.48	77284719	74.03	91.56	57.44	76354472	92.4244619841975	74.724430746133	58.0399842890919
D14S263	STS	AFM254XA9	772	0.63	77329467	74.59	93.42	57.44	76399219	92.6095201459596	74.8347164422051	58.0751482664322
rs115162	SNP	TSC0093441	211	0.27	77414761	75.08	93.58	57.44	76484514	92.9182051134984	75.0272011118493	58.1384225529356
D14S279	STS	AFM301WH9	119	0.65	77438650	75.08	93.58	57.58	76508300	92.991343420188	75.0713373183198	58.1559161144684
D14S983	STS	AFM158XB4	800	0.82	77520520	75.08	93.58	57.73	76590260	93.2391599809018	75.2292756522177	58.2066445671494
rs905737	SNP	TSC0184551	402	0.54	77530420	75.26	93.73	57.73	76600173	93.2657346307397	75.2460418886634	58.2127307967564
rs888066	SNP	rs888066	246	0.44	77590183	75.26	93.73	57.73	76659936	93.4151444760021	75.3390719443518	58.2470486728401
rs454840	SNP	rs454840	148	0.29	77680624	75.65	94.31	57.9	76750377	93.627193805205	75.4748874027346	58.2912331044574
rs1063271	SNP	rs1063271	195	0.3	77974990	75.65	94.31	57.9	77044743	94.129784513936	75.7663996027478	58.396955885023
D14S59	STS	D14S59	874	0.81	78072690	75.65	94.31	57.9	77142282	94.2779959104703	75.8571289327715	58.4576885380739
rs724263	SNP	rs724263	109	0.2	78321874	75.65	94.31	57.9	77391627	94.587103264216	76.0944914834331	58.6685544454562
D14S254	STS	AFM214XF8	137	0.83	78378756	75.77	94.31	58.19	77448481	94.6388982974918	76.1447647323581	58.7283127317034
D14S1020	STS	AFMB325WG9	1060	0.81	78492107	75.77	94.31	58.19	77561818	94.712752734107	76.2249427636959	58.8463997620096
rs1861891	SNP	rs1861891	143	0.34	78509980	75.77	94.64	58.19	77579733	94.7240002617013	76.2423827131502	58.8677168920163
D14S555	STS	UT6398	53	0.56	78523382	75.77	94.64	58.19	77592932	94.7324341768146	76.2554599918716	58.8837014595958
D14S573	STS	D14S573	91	0.45	78556313	75.77	94.64	58.19	77626066	94.753734089802	76.2879789240441	58.9312851008307
rs1950265	SNP	rs1950265	202	0.43	78594765	75.77	94.64	58.19	77664518	94.7793458099369	76.3262127663203	58.9953485094281
rs888412	SNP	TSC0157235	197	0.39	78606824	75.77	94.64	58.19	77676577	94.7885841733324	76.3367997349546	59.0121788206161
D14S74	STS	AFM210ZH4	1209	0.75	78658393	76.05	94.64	58.38	77728132	94.8263242854774	76.3823646018403	59.0839610182162
rs983795	SNP	TSC0300672	207	0.31	78697556	76.08	95.04	58.38	77767309	94.8496815464317	76.4178410025218	59.137901751309
rs17188	SNP	WIAF-3237	95	0.59	78796497	76.6	95.51	58.38	77866250	94.9257679278082	76.5280931924939	59.3179073091015
rs724622	SNP	rs724622	126	0.35	79000688	76.6	95.51	59.41	78070441	95.0710990525943	76.780047942349	59.6902984487719
rs725693	SNP	rs725693	236	0.44	79215810	76.6	95.51	59.41	78285563	95.1936177260947	77.0559358905174	60.1571960217492
D14S287	STS	AFM324VA9	136	0.59	79561181	77.91	95.51	61.42	78630860	95.2799996636907	77.5738517542566	61.1258154519922
D14S1008	STS	AFMB005WF5	811	0.75	79901912	77.91	95.51	61.42	78971571	95.355605625394	77.9998792171014	61.8564091247453
rs2043585	SNP	rs2043585	238	0.57	79970245	77.91	95.51	61.42	79039998	95.3829175753531	78.0774306483419	61.9738541641502
rs178384	SNP	rs178384	276	0.54	80182841	77.91	95.51	61.9	79252594	95.4799367963175	78.2947160104186	62.2884900845229
rs760288	SNP	rs760288	92	0.49	80306930	77.99	95.51	61.9	79376683	95.5648605022255	78.4032125746734	62.4061833454736
rs728472	SNP	rs728472	152	0.32	80478501	78.21	95.51	61.9	79548254	95.6676889921955	78.5421991726319	62.5697663886635
rs725591	SNP	rs725591	180	0.44	80483587	78.21	95.51	61.9	79553340	95.6715065199498	78.5463699821029	62.5743324408686
rs142922	SNP	rs142922	238	0.52	80625688	78.21	95.51	61.9	79695441	95.8034811085784	78.661425528969	62.6768510797507
rs54566	SNP	rs54566	92	0.18	80635847	78.21	95.51	61.9	79705600	95.8146161903874	78.6702834292759	62.6837522242085
rs1530771	SNP	rs1530771	245	0.51	81025522	78.74	96.49	62.26	80095275	96.259938331273	78.9887199781874	62.8728273342981
rs2060596	SNP	rs2060596	252	0.55	81187126	78.98	96.98	62.26	80256879	96.5208969838574	79.1146836969845	62.915379971083
rs1863766	SNP	rs1863766	253	0.55	81345416	78.99	96.98	62.27	80415169	96.748241125514	79.2378861120155	62.9515428468428
rs1025253	SNP	rs1025253	244	0.55	81389266	78.99	96.98	62.27	80459019	96.8087455686586	79.27334915476	62.9623351402358
rs759939	SNP	rs759939	228	0.49	81663453	79.15	96.98	62.63	80733206	97.1553484986788	79.4936952033913	63.0466584744769
rs1951614	SNP	rs1951614	199	0.51	81672106	79.15	96.98	62.63	80741859	97.1665125802392	79.500714015699	63.0495064684047
rs961097	SNP	rs961097	151	0.28	81921468	79.15	97.34	62.63	80991221	97.4717650512354	79.712167215986	63.1417777486841
rs1951613	SNP	rs1951613	143	0.28	82026086	79.71	97.82	62.63	81095839	97.5983756094616	79.7956786000146	63.1825280771576
rs756019	SNP	TSC0148942	189	0.35	82093444	79.71	97.82	62.63	81163197	97.6765310880734	79.855452484207	63.2126428226736
rs1957538	SNP	TSC1040382	371	0.43	82104531	79.71	97.82	62.63	81174284	97.6889206965364	79.8661827642407	63.2178157932245
D14S1000	STS	AFMA285YB9	850	0.74	82105927	79.71	98.06	62.63	81175672	97.6904807121776	79.867533848477	63.218467138664
rs1958221	SNP	TSC1041384	13	0.01	82185969	79.71	98.06	62.63	81255722	97.779509706235	79.9384467668885	63.2570221642861
D14S606	STS	GATA30A03	723	0.75	82253940	79.71	98.06	62.63	81323692	97.8610762437848	79.9953417056862	63.2908967546287
D14S739	STS	D14S739	547	0.86	82266614	79.71	98.06	62.63	81336367	97.8738638431516	80.0061477895099	63.2973688730491
rs768381	SNP	rs768381	122	0.24	82573285	79.71	98.06	62.63	81643038	98.1680789128944	80.2538263716026	63.4537323945562
rs799032	SNP	rs799032	257	0.52	82637345	79.71	98.06	62.69	81707098	98.2200582354156	80.3058485370949	63.4970863809167
rs951200	SNP	rs951200	166	0.34	83117679	79.87	98.06	63.05	82187432	98.5761304426676	80.7039967089559	63.8185998046645
rs880733	SNP	rs880733	179	0.35	83265785	80.78	98.92	63.05	82335538	98.6723065127137	80.8276710580372	63.9385394636395
rs1964413	SNP	rs1964413	261	0.46	83268706	80.78	98.92	63.05	82338459	98.6741895087803	80.8299060283588	63.9412311032699
rs1999608	SNP	rs1999608	273	0.47	83268858	80.78	98.92	63.05	82338611	98.674287494197	80.8300223294505	63.9413711680504
rs876287	SNP	rs876287	220	0.41	83420724	80.78	98.92	63.05	82490477	98.7644909840307	80.9562087849676	64.0635079876767
D14S1035	STS	AFMB361ZA5	883	0.78	83546150	80.78	98.92	64.49	82615902	98.8342673134076	81.0625853419543	64.1763683088799
D14S127	STS	UT2031	44	0.62	83760305	80.78	98.92	64.49	82830019	98.9329753686967	81.2287841656625	64.3802089304924
rs898939	SNP	rs898939	248	0.47	84666749	81.69	99.24	64.49	83736502	99.1665693601797	81.702510430123	65.280446880234
D14S55	STS	MFD198	277	0.5	84676547	81.69	99.46	64.49	83746058	99.1704158642692	81.7064882941588	65.2876861665098
rs1961196	SNP	rs1961196	130	0.34	84985860	81.69	99.46	64.95	84055613	99.3341477229693	81.8495767366801	65.4821146419515
rs979322	SNP	rs979322	185	0.44	85048815	81.69	99.46	64.95	84118568	99.378937356326	81.8839033718553	65.5162776108466
rs726957	SNP	rs726957	273	0.55	85125287	81.69	99.46	64.95	84195040	99.4386246924325	81.9306978688634	65.5598303039381
D14S616	STS	GATA70B06	681	0.68	85193902	81.69	99.74	64.95	84263655	99.488065304758	81.9694814494448	65.5984126817114
D14S1037	STS	AFMC013XD1	150	0.82	85197217	81.69	99.74	64.95	84266807	99.490703856532	81.9711941640592	65.6001079076465
rs16917	SNP	WIAF-3078	57	0.23	85648419	81.69	99.74	65.3	84718172	99.9358748441435	82.2586010026818	65.872056657686
D14S604	STS	GATA28G09	61	0.72	85717349	81.69	99.74	65.39	84787101	100.018648530665	82.3091393596353	65.9175165978092
rs1375575	SNP	rs1375575	213	0.52	85740495	81.69	99.74	65.4	84810248	100.04720514707	82.3284235355731	65.9302414509527
D14S1022	STS	AFMB328ZB1	146	0.81	85775537	81.71	99.74	65.4	84845288	100.090271937028	82.3585844224713	65.9476084914781
rs1885316	SNP	rs1885316	309	0.49	85855155	82.28	100.27	65.4	84924908	100.196668479221	82.4328675116974	65.9943759345763
rs1885315	SNP	rs1885315	109	0.26	85915440	82.28	100.27	65.4	84985193	100.274564525887	82.4911716414735	66.0272600577737
rs1950956	SNP	rs1950956	254	0.47	86083279	82.72	101.11	65.4	85153032	100.526358852607	82.6668271737933	66.1172798795761
rs981270	SNP	rs981270	254	0.55	86179621	82.72	101.11	65.4	85249374	100.679786285351	82.7855744165099	66.1663350261164
D14S1061	STS	AFMA056WA5	506	0.53	86334173	82.72	101.11	65.4	85403893	100.964063731528	82.9804964176274	66.2441907699070
D14S128	STS	UT5122	179	0.9	86380619	82.72	101.11	65.73	85450357	101.053954835731	83.051257893092	66.2667181553229
D14S1052	STS	AFM088XG5	774	0.66	86413944	82.82	101.11	65.75	85483541	101.132050465587	83.1046965345256	66.2850332640863
rs1999916	SNP	rs1999916	248	0.48	86456047	82.82	101.11	65.75	85525800	101.229442782299	83.1736251965788	66.3070117136789
D14S974	STS	AFMA113ZC5	858	0.71	86629903	82.82	101.11	65.75	85699655	101.531819831566	83.3874246714251	66.3979746538163
rs1954130	SNP	rs1954130	58	0.12	86965976	83.69	102.51	66	86035729	102.114510457288	83.7657036255981	66.5752293330696
rs1954129	SNP	rs1954129	189	0.45	86966085	83.69	102.51	66.06	86035838	102.114697002573	83.7658228847979	66.5752853676858
rs1959305	SNP	TSC1042977	188	0.22	87050806	83.69	102.51	66.06	86120559	102.282396357484	83.8640306600999	66.6162023873174
D14S73	STS	AFM203ZA11	714	0.63	87082541	83.69	102.51	66.06	86152265	102.349991956728	83.9041945761923	66.6333057549991
rs1959287	SNP	TSC1042957	89	0.09	87112621	83.69	102.51	66.06	86182374	102.419361747448	83.9493253392403	66.6470177849335
rs1959289	SNP	rs1959289	144	0.31	87138566	83.69	102.51	66.06	86208319	102.480009391112	83.9893366419331	66.6584610015213
rs1959290	SNP	rs1959290	137	0.34	87138729	83.69	102.51	66.06	86208482	102.480390411190	83.9895880137712	66.6585328937666
rs1959291	SNP	rs1959291	168	0.37	87138772	83.69	102.51	66.06	86208525	102.480490925689	83.9896543265874	66.6585518592055
D14S612	STS	GATA51G01	497	0.7	87275498	83.69	102.51	66.06	86345240	102.810075024088	84.1860608258392	66.723653204861
rs965905	SNP	rs965905	16	0.02	87365251	83.69	102.51	66.06	86435004	103.009631976576	84.3104883344767	66.7719920218587
D14S1063	STS	AFM107XB12	275	0.55	87381518	83.69	102.51	66.06	86451260	103.042475403896	84.3305123568888	66.7815996873937
rs723843	SNP	rs723843	57	0.1	87727036	84.62	104.11	66.33	86796789	103.682615170577	84.747823882197	66.978651564548
rs1958843	SNP	rs1958843	176	0.35	87727149	84.62	104.11	66.33	86796902	103.682779847858	84.7479372902052	66.9787203046767
rs1430563	SNP	rs1430563	325	0.5	87797213	84.62	104.11	66.33	86866966	103.768003329506	84.8121341046288	67.0201146367346
rs891482	SNP	rs891482	282	0.43	87810591	84.62	104.11	66.33	86880344	103.783741346427	84.8249037311494	67.0287924773893
rs1426789	SNP	rs1426789	239	0.45	87857249	84.62	104.11	66.33	86927002	103.836191136376	84.8680458654287	67.0584221620343
rs1951507	SNP	rs1951507	49	0.1	87949260	84.62	104.11	66.33	87019013	103.895677120427	84.9348811443011	67.10994901128
D14S1279	STS	D14S1279	140	0.71	87977666	84.85	104.11	66.74	87047276	103.912375530352	84.9523310847376	67.1267246008611
D14S126	STS	UT1731	508	0.71	88007605	84.85	104.11	66.74	87077046	103.932297603501	84.9699118721318	67.1449454730016
D14S610	STS	GATA51E09	231	0.72	88205847	84.85	104.11	66.74	87275600	104.102640141087	85.1109618774837	67.2547585347432
rs1296149	SNP	TSC1022586	348	0.46	88248582	84.85	104.11	66.74	87318335	104.127189953669	85.1370179864143	67.2800350932488
D14S1033	STS	AFMB360ZC1	855	0.64	88290249	84.85	104.11	66.74	87359983	104.144758493754	85.159672182816	67.304645470988
rs1450702	SNP	TSC0677730	266	0.35	88319166	84.85	104.11	66.74	87388919	104.155055717726	85.1720764803333	67.3210974698883
rs1012921	SNP	TSC0093757	201	0.42	88351176	84.85	104.11	66.74	87420929	104.165886746493	85.1845566576308	67.3378123192798
D14S67	STS	AFM137XH12	164	0.87	88388002	84.85	104.11	66.74	87457552	104.177234027177	85.1964609584344	67.3541059444503
rs17198	SNP	WIAF-4259	104	0.43	88399488	84.85	104.11	66.74	87469241	104.180934191761	85.1999007606329	67.3581538675431
D14S48	STS	MFD101A	1096	0.71	88428727	84.85	104.11	66.74	87498456	104.190769305022	85.2079514247035	67.3657864663004
D14S68	STS	AFM164TB12	168	0.86	88627765	84.85	104.11	66.74	87697387	104.286507886907	85.2737971467362	67.4038386288242
D14S1058	STS	AFMA051XF5	110	0.85	88648195	84.85	104.11	66.74	87717871	104.302428726776	85.2826736407683	67.4072726745215
rs1956411	SNP	rs1956411	285	0.5	89134360	85.52	105.3	67.03	88204113	105.077726641787	85.851801769939	67.6900227793224
D14S256	STS	AFM224XB4	873	0.74	89211576	85.52	105.3	67.03	88281328	105.254194762996	85.9885543366225	67.7837728388517
rs719572	SNP	rs719572	224	0.52	89375600	85.52	105.3	67.03	88445353	105.764157517353	86.3913582984252	68.0619390995166
D14S1005	STS	AFMA340ZB1	596	0.68	89378008	85.52	105.3	67.03	88447726	105.771683712313	86.3973520139587	68.06686448815
D14S140	STS	UT2084	66	0.81	89456926	85.52	105.3	67.03	88526473	106.012018038401	86.5860621392739	68.2149845619663
rs756470	SNP	rs756470	200	0.4	89635129	87.22	107.15	67.03	88704882	106.549461039887	86.9912125600385	68.5013453260422
rs722479	SNP	rs722479	141	0.31	89641338	87.22	107.15	67.72	88711091	106.569011373125	87.0059441720384	68.5114886351115
rs12434418	SNP	rs12434418	221	0.35	89700345	87.22	107.15	67.72	88770098	106.749722088909	87.14897373961	68.6204282289156
rs759364	SNP	rs759364	190	0.33	89758611	87.22	107.15	69.12	88828364	106.933073029809	87.288956097294	68.7267867547651
D14S1066	STS	AFM112XH12	150	0.75	89802269	87.22	107.15	69.12	88871999	107.071555473003	87.4013475416433	68.8109196017764
D14S1044	STS	AFM324VG5	799	0.62	90070411	88.36	108.51	69.63	89140145	108.057215587190	88.1816345148882	69.4294029101128
rs1286471	SNP	rs1286471	215	0.35	91058304	90.57	111.57	70.81	90128057	111.790591695318	91.0795566305593	71.6109686215424
rs12432719	SNP	rs12432719	122	0.27	91067730	90.57	111.57	71.45	90137483	111.812550726202	91.0978447194255	71.6254772255805
rs881218	SNP	rs881218	293	0.48	91130502	91.33	112.53	71.47	90200255	111.972527647834	91.2251848124223	71.7274866786153
rs1749715	SNP	TSC1224214	379	0.43	91181160	91.33	112.53	71.47	90250913	112.099962274716	91.32536401626	71.8120096647823
rs1885030	SNP	TSC0901269	358	0.45	91218132	91.63	112.97	71.47	90287885	112.186878454325	91.396723760312	71.8675452152908
D14S291	STS	AFMA120XC1	467	0.42	91270020	91.63	112.97	71.47	90339517	112.311532802228	91.4930345538769	71.9441416789968
rs1951454	SNP	rs1951454	161	0.37	91505368	91.63	112.97	71.47	90575121	112.794472388400	91.902308595653	72.2922287572598
rs727022	SNP	rs727022	150	0.28	91561817	91.63	112.97	71.47	90631570	112.900912974073	91.9906116381864	72.3648743827661
D14S995	STS	AFMA238WA9	172	0.88	91577395	91.63	112.97	71.47	90647136	112.924457987684	92.0131713198367	72.3843190344476
rs941914	SNP	rs941914	165	0.34	91785889	91.63	112.97	71.47	90855642	113.228545822611	92.3078470472357	72.6765692289804
rs755102	SNP	rs755102	202	0.41	91855011	91.63	112.97	71.47	90924764	113.351728434784	92.4261810667222	72.7941519705846
D14S280	STS	AFM304YA5	729	0.67	92182897	92.74	113.57	72.76	91252619	113.943896706881	92.9717597215277	73.2962580282084
rs972905	SNP	rs972905	241	0.48	92199558	92.74	114.14	72.76	91269311	113.977620662534	93.000660470644	73.3214728468415
D14S617	STS	GGAA21G11	1161	0.8	92202790	92.74	114.14	72.76	91272372	113.984162636285	93.006266810068	73.3263641675199
rs1998136	SNP	rs1998136	186	0.44	92280675	92.74	114.14	73.3	91350428	114.169777218798	93.1622001839331	73.4504043050443
D14S550	STS	UT1849	41	0.39	92671872	92.74	114.14	73.3	91741487	115.054016276453	93.8988022383308	74.0910821951839
D14S1015	STS	AFM214YE5	817	0.73	92736133	93.31	114.14	73.3	91805879	115.227601163507	94.043860555977	74.2033991795101
D14S1016	STS	AFMB308ZE9	127	0.85	92914558	94.44	116.27	74.02	91984200	115.727435986064	94.4117246047146	74.3917628176629
D14S1050	STS	AFM343VF1	170	0.87	92915550	94.44	116.27	74.02	91985276	115.729852573234	94.4131253450718	74.3924695123359
D14S973	STS	AFMA112XC1	134	0.73	92985093	94.44	116.27	74.02	92054791	115.891011951630	94.5134992336035	74.4432314262009
D14S977	STS	AFMA116ZF5	156	0.79	93169356	94.44	116.27	74.02	92239062	116.278109831534	94.8013305770192	74.5851647430602
rs1242119	SNP	rs1242119	231	0.46	93182466	94.44	116.27	74.02	92252219	116.307174940775	94.8210987238316	74.5946704464667
rs2269122	SNP	rs2269122	203	0.35	93305307	95.06	117.12	74.02	92375060	116.559787245323	95.0022921717541	74.6811377675585
D14S302	STS	GATA13B06	112	0.77	93362457	95.06	117.12	74.14	92432197	116.670138928302	95.0790442265397	74.7111961959269
rs1740696	SNP	rs1740696	240	0.39	93498149	95.06	117.12	74.15	92567902	116.914495188886	95.2529777782306	74.7815858480005
rs1740694	SNP	rs1740694	229	0.39	93510531	95.06	117.12	74.15	92580284	116.93627184976	95.2681099105775	74.787609180516
rs882023	SNP	rs882023	271	0.52	93532014	95.06	117.12	74.22	92601767	116.960420083363	95.2810685522528	74.7959549360373
rs2905	SNP	WIAF-835	95	0.53	93693422	95.06	117.12	74.22	92763175	117.082110729403	95.3633665971751	74.8538945748272
rs1263428	SNP	rs1263428	166	0.3	93716277	95.06	117.12	74.22	92786030	117.093413789912	95.3710258245684	74.861669102005
rs733559	SNP	rs733559	248	0.53	93739555	95.06	117.12	74.22	92809308	117.103206340019	95.3786261201151	74.8692812886747
D14S81	STS	AFM260XB1	1278	0.8	93779937	95.06	117.12	74.22	92849558	117.116284004831	95.3913545786619	74.8817903990908
rs1951716	SNP	rs1951716	107	0.55	94007075	95.06	117.12	74.32	93076828	117.267894414442	95.4758798970862	74.9535329168601
rs722462	SNP	rs722462	40	0.12	94270080	95.06	117.12	74.74	93339833	117.712666582862	95.797862659188	75.1272563724937
D14S553	STS	UT5824	198	0.78	94336357	95.47	117.12	74.74	93406075	117.854868136023	95.9271454352367	75.2157413635919
D14S1062	STS	AFMA057VF1	150	0.56	94337616	95.6	117.77	74.74	93407358	117.857325488623	95.9298533519058	75.2180372675448
D14S749	STS	GATA91G06	839	0.75	94379758	95.6	117.89	74.74	93449511	117.939579462615	96.0204943560932	75.2948871359977
rs1114	SNP	WIAF-1602	27	0.14	94515150	95.72	118.35	74.74	93584903	118.301932716709	96.340502104007	75.550525806427
rs12890045	SNP	rs12890045	196	0.42	94520342	96.19	118.85	74.74	93590095	118.316447845649	96.3541493867933	75.5615107189372
rs7157940	SNP	rs7157940	261	0.45	94563193	96.48	119.17	74.74	93632946	118.437256762331	96.4706745074283	75.658690308007
rs2799	SNP	WIAF-646	32	0.15	94582926	96.48	119.17	74.74	93652679	118.493596280435	96.527052444292	75.7079953201494
rs760335	SNP	rs760335	226	0.39	94814944	96.48	119.17	74.74	93884697	119.272049945045	97.2309889920572	76.3240666128056
rs1303	SNP	WIAF-2218	118	0.43	94844843	97.09	119.17	75.94	93914596	119.373380900853	97.3190763790616	76.3979483440704
rs1989296	SNP	rs1989296	169	0.3	94905403	97.09	119.17	75.94	93975156	119.586692275703	97.4965439111571	76.5428469160107
rs2011604	SNP	rs2011604	201	0.44	94905511	97.09	119.17	75.94	93975264	119.587087307406	97.496859377267	76.5431010270578
rs1956716	SNP	rs1956716	215	0.45	94925648	97.09	119.17	75.94	93995401	119.660742431536	97.5556792018343	76.5904809729523
rs720385	SNP	rs720385	130	0.24	94926065	97.09	119.47	75.94	93995818	119.662267692834	97.556897251536	76.59146212394
rs720386	SNP	rs720386	167	0.29	94926144	97.09	119.53	75.94	93995897	119.662556651209	97.5571280091534	76.5916480014652
rs2236242	SNP	rs2236242	267	0.45	94960052	97.09	119.65	75.94	94029805	119.781980067806	97.6604784456706	76.6749970021222
rs1951008	SNP	rs1951008	194	0.4	94969404	97.09	119.65	75.94	94039157	119.814873277131	97.6890245495771	76.6980194883015
rs1951207	SNP	rs1951207	175	0.37	95002355	97.09	119.65	75.94	94072108	119.937888893105	97.7897186328653	76.7789233594328
rs1004958	SNP	rs1004958	219	0.37	95039649	97.68	120.28	76.37	94109402	120.082613813746	97.9041888501023	76.869585058622
PCI	STS	PCI	451	0.78	95058768	97.68	120.28	76.37	94128521	120.160193103687	97.9650087850914	76.9122596428801
rs938	SNP	WIAF-2233	105	0.46	95058813	97.68	120.28	76.37	94128566	120.160375700478	97.9651519357308	76.9123600851779
rs742893	SNP	rs742893	271	0.44	95153113	98.1	120.28	76.87	94222866	120.562387767265	98.2684218345766	77.129404071672
rs1361525	SNP	TSC0503790	164	0.39	95269628	98.1	120.28	76.87	94339381	121.084135239679	98.6479422683352	77.421406266081
D14S1054	STS	AFM361TA9	955	0.74	95296596	98.57	121.57	76.87	94366243	121.223348189761	98.7422296253177	77.4782953404466
D14S1434	STS	GATA168F06	734	0.69	95308357	98.57	121.57	76.87	94377875	121.284060274673	98.7833492339454	77.5031052041225
rs1417594	SNP	TSC0616136	158	0.23	95358778	98.57	121.57	76.87	94428531	121.564396455931	98.9669074917494	77.6070972103139
rs1341001	SNP	rs1341001	161	0.41	95362696	98.57	121.57	76.87	94432449	121.586181836000	98.9811716184302	77.6151777880246
D14S1030	STS	AFMB349YB1	159	0.74	95602382	98.57	121.57	76.87	94672089	122.95068727794	99.9133002353401	78.095455698243
rs1054195	SNP	TSC1033883	204	0.42	95648657	99.73	123.35	77.34	94718410	123.189065254284	100.072381717965	78.1743627072342
rs945455	SNP	TSC0368660	55	0.08	95676198	99.73	123.42	77.34	94745951	123.317053633439	100.160468410887	78.2165428250561
D14S265	STS	AFM136YB4	903	0.71	95764068	99.89	123.49	77.6	94833720	123.727746942493	100.433114014657	78.3518983824122
rs1074925	SNP	rs1074925	164	0.27	95861513	100.89	124.62	78.31	94931266	124.129556605797	100.706129212974	78.4850362869262
D14S996	STS	AFMA238ZE9	738	0.69	95984122	100.89	124.62	78.31	95053803	124.630100107852	101.046726047959	78.6828218613281
D14S62	STS	AFM027XB3	918	0.82	95989592	100.89	124.62	78.31	95059293	124.652977532392	101.062404063694	78.6917951046476
rs763357	SNP	rs763357	58	0.23	96011823	100.89	125	78.31	95081576	124.745955233475	101.126122156527	78.7282638747089
rs1957937	SNP	rs1957937	139	0.24	96181360	101.6	125.91	78.31	95251113	125.387124952048	101.601150968666	79.027219237907
rs713104	SNP	rs713104	292	0.43	96361177	101.6	125.91	78.31	95430930	125.979844592426	102.084502828016	79.4335496295541
D14S131	STS	UT474	293	0.32	96396043	101.6	125.91	78.31	95465595	126.09079871128	102.174123834508	79.5027798706977
D14S605	STS	GATA29F03	185	0.47	96434290	101.6	125.91	78.75	95504043	126.219981299147	102.269321807101	79.5748499695557
D14S45	STS	D14S45-2	416	0.77	96467218	101.6	125.91	78.77	95536949	126.322311318380	102.348997852298	79.6364011980543
D14S987	STS	AFM161YD12	678	0.77	96595096	101.6	125.91	78.77	95664848	126.619143433935	102.628349811619	79.8298906992172
rs2369522	SNP	rs2369522	247	0.57	96739847	103.17	127.36	80.43	95809600	127.001380705262	102.895053585957	80.016134288879
rs965950	SNP	rs965950	127	0.37	97034805	103.17	127.36	80.43	96104558	127.553446757503	103.410961739079	80.425607313126
rs1570558	SNP	rs1570558	266	0.54	97071607	103.94	128.57	80.43	96141360	127.627678948325	103.492267268866	80.5087051443121
D14S1067	STS	AFMA066YD9	115	0.7	97436454	103.94	128.57	80.43	96506206	128.411127141571	104.350901857042	81.4453299332366
D14S611	STS	GATA51F04	793	0.66	97533472	103.94	128.57	80.43	96603164	128.6399802281	104.609811600709	81.7499901186717
rs1022590	SNP	TSC0227579	188	0.37	97560950	103.94	128.57	80.43	96630703	128.705676304379	104.680590269017	81.8360452477475
rs1950272	SNP	TSC1028497	355	0.49	97563544	103.94	128.57	80.43	96633297	128.711821497970	104.687153986044	81.844068015037
D14S979	STS	AFMA130YC9	163	0.87	97569334	103.94	128.57	80.43	96638952	128.725538024912	104.701804688275	81.8619754254478
rs721636	SNP	TSC0049364	221	0.37	97603635	104.36	129.06	80.97	96673388	128.804555313958	104.789156583796	81.9669646113132
D14S65	STS	AFM093YG5	918	0.81	97621478	104.36	129.06	80.97	96691224	128.842118711400	104.835478096687	82.0198455327571
D14S998	STS	AFMA283XC1	118	0.5	97744706	104.94	129.06	82.14	96814271	129.089438010365	105.170725047046	82.4567735003975
D14S1019	STS	AFMB323YE9	483	0.42	97790893	104.94	129.06	82.14	96860642	129.197502039330	105.319111592363	82.6658243845456
rs1545884	SNP	rs1545884	201	0.38	97976854	105.77	129.06	83.34	97046607	129.662013586171	105.978168968208	83.5973995968271
rs727069	SNP	rs727069	97	0.22	97990800	105.77	129.06	83.34	97060553	129.700187609192	106.022431662272	83.6544044143623
rs721919	SNP	rs721919	55	0.13	98170611	105.79	130.8	83.34	97240364	130.13314987464	106.546137019757	84.3148604282768
D14S614	STS	GATA61B03	63	0.66	98267235	106.71	130.9	84.21	97336908	130.342402692904	106.816426355614	84.6595569185349
rs1989285	SNP	rs1989285	282	0.5	98384537	107.06	130.93	84.56	97454290	130.601119987787	107.17490599797	85.1224474483871
rs718516	SNP	rs718516	122	0.29	98398029	107.06	130.93	84.56	97467782	130.629032359284	107.211480999671	85.1657053083308
rs698050	SNP	rs698050	249	0.52	98537394	107.06	130.93	84.56	97607147	130.904194320747	107.502770468877	85.5073741791624
rs2287	SNP	WIAF-2302	116	0.36	98721795	107.73	131.05	85.46	97791548	131.094809018877	107.825855006723	85.8691646294418
rs2286	SNP	WIAF-2301	26	0.1	98721869	107.76	131.29	85.46	97791622	131.094916670143	107.826025065276	85.8693625754343
rs974324	SNP	rs974324	2	0.01	99024654	107.76	131.3	85.46	98094407	131.564387206356	108.569297159430	86.7019395028376
rs1956859	SNP	rs1956859	145	0.43	99024973	107.77	131.37	85.46	98094726	131.565054056707	108.570302451901	86.7031277215612
rs967284	SNP	rs967284	106	0.29	99070310	108	131.58	85.62	98140063	131.660314095558	108.713007007523	86.8718013211192
rs1951095	SNP	rs1951095	194	0.49	99070378	108.17	131.77	85.71	98140131	131.660462676908	108.713219052658	86.8720519779955
rs1951096	SNP	rs1951096	203	0.51	99070488	108.17	131.77	85.71	98140241	131.660703029093	108.713562066847	86.8724574523543
rs926949	SNP	rs926949	141	0.3	99095283	108.33	131.77	86.17	98165036	131.71488059653	108.790880583283	86.9638550589486
rs1950475	SNP	TSC1028752	239	0.51	99137467	108.33	131.77	86.17	98207220	131.801450236093	108.917972112683	87.1112036927902
rs11851619	SNP	rs11851619	317	0.48	99170601	108.53	131.77	86.46	98240354	131.863446030328	109.013030203995	87.2182145051072
rs1022633	SNP	rs1022633	286	0.44	99172380	108.53	131.77	86.46	98242133	131.866774651018	109.018133974878	87.2239600304018
D14S544	STS	UT699	207	0.64	99175006	108.53	131.77	86.46	98244758	131.871365827710	109.025724249360	87.232516609702
rs2016624	SNP	TSC0078499	324	0.47	99181386	108.53	131.77	86.46	98251139	131.881116826554	109.044411494430	87.2536343161975
D14S267	STS	AFM263WH9	156	0.93	99224198	108.97	131.77	86.89	98293837	131.946549391212	109.169809352729	87.39534140875
rs1955897	SNP	TSC1038300	235	0.45	99232849	108.97	131.77	86.89	98302602	131.96125943979	109.195235275166	87.4240237195707
rs1159799	SNP	rs1159799	217	0.49	99254712	109.04	132.15	87.05	98324465	132.002175091519	109.259710483106	87.4966299969122
rs2236051	SNP	rs2236051	320	0.48	99259187	109.04	132.17	87.05	98328940	132.010549859002	109.272907508012	87.511491319288
rs1950463	SNP	rs1950463	163	0.53	99259368	109.04	132.17	87.05	98329121	132.010888592614	109.273441287120	87.5120924141149
rs941731	SNP	rs941731	211	0.46	99892365	111.84	134.32	90.03	98962118	133.7519457297	111.662487838279	90.1230575189384
rs880959	SNP	rs880959	237	0.55	100011315	111.84	134.32	90.03	99081068	134.135691928608	111.889401662980	90.2786224583862
rs2093	SNP	WIAF-4187	145	0.55	100382870	111.84	134.32	90.03	99452623	135.320923616506	112.506754585088	90.6094364672738
rs941838	SNP	TSC0363212	137	0.13	100416656	111.84	134.32	90.03	99486409	135.417712653222	112.555263170110	90.6480140971123
rs1191018	SNP	TSC1170131	98	0.13	100449248	111.84	134.32	90.03	99519001	135.510210055461	112.613246747286	90.6860624066185
D14S250	STS	AFM203VE5	620	0.68	100458254	112.48	136.41	90.03	99528001	135.535667984788	112.630572333979	90.6966732640958
D14S78	STS	AFM234WE5	138	0.63	100471797	112.7	136.41	90.03	99541493	135.573950989105	112.656626122629	90.7126296090676
rs1190983	SNP	TSC1227180	284	0.31	100497986	112.7	136.41	90.2	99567739	135.645288383889	112.699887065594	90.7430713555768
D14S1426	STS	GATA136B01	895	0.74	100619565	112.7	136.41	90.2	99689317	135.927485487787	112.873922182635	90.8955975647053
rs1951521	SNP	rs1951521	198	0.46	100743421	112.7	136.95	90.2	99813174	136.174623913908	113.087906864484	91.072616557008
rs1951519	SNP	rs1951519	138	0.34	100792482	112.95	136.95	90.2	99862235	136.302707451146	113.232448973803	91.2080920339893
rs911336	SNP	TSC0193390	154	0.21	101145066	113.31	136.95	90.87	100214819	137.620229806467	114.309291872091	92.1619159770947
rs1004572	SNP	rs1004572	82	0.18	101178330	113.31	137.48	90.87	100248083	137.748927572091	114.425731200020	92.2651835968653
D14S1006	STS	AFMA346XG9	132	0.81	101179611	113.31	137.48	90.87	100249270	137.753883736045	114.430215290300	92.2691604433337
rs12882815	SNP	rs12882815	276	0.43	101183142	113.63	137.55	90.87	100252895	137.767545106007	114.442575417371	92.2801223831308
rs1956743	SNP	TSC1039364	56	0.07	101219652	113.63	137.55	90.87	100289405	137.919465752074	114.583195143552	92.4099400125654
D14S985	STS	AFMA175YE5	573	0.71	101296610	113.63	137.55	91.15	100366288	138.271736640893	114.889236613337	92.6947717465366
rs721910	SNP	rs721910	216	0.41	101329709	115.61	137.55	93.7	100399462	138.427925974425	115.035694433002	92.835003111612
rs721909	SNP	rs721909	168	0.35	101329803	115.61	138.85	93.7	100399556	138.428369502821	115.036111401383	92.835402609186
rs17172	SNP	WIAF-3185	122	0.5	101429659	115.61	139.2	93.7	100499412	138.961749664620	115.535980996077	93.3200254135098
rs1007904	SNP	rs1007904	278	0.52	101955905	117.59	142.67	94.2	101025658	141.347650159050	117.503842653263	95.3624651904792
rs1889364	SNP	rs1889364	278	0.52	101963386	117.59	142.67	94.2	101033139	141.384070803	117.534226607393	95.3747350713593
D14S1051	STS	AFM345WB9	41	0.27	102230255	118.38	142.67	95.88	101299994	142.545960677715	118.539088648006	96.196922653186
rs961495	SNP	TSC0265430	217	0.28	102288663	118.38	142.67	95.88	101358416	142.655322279012	118.651303712489	96.3093674611872
rs8018344	SNP	rs8018344	164	0.29	102297758	118.38	142.67	95.88	101367511	142.672103729114	118.667730247210	96.3252850360968
rs3405	SNP	WIAF-1895	136	0.53	102311380	118.38	142.67	95.88	101381133	142.697238079119	118.692333024116	96.3491255204748
rs718941	SNP	rs718941	76	0.14	102323676	118.38	142.67	95.88	101393429	142.719925787801	118.714540904371	96.3706453116885
rs1062152	SNP	rs1062152	180	0.34	102343222	118.38	142.67	95.88	101412975	142.748825948433	118.751457424081	96.4045636794437
D14S557	STS	UT7282	62	0.58	103120094	118.94	142.75	96.41	102189846	143.036049791141	119.163119987536	96.9382074689534
D14S272	STS	AFM281WG1	429	0.55	103277944	118.94	142.75	96.41	102347677	143.080125568792	119.213596622771	97.0523130673325
rs911629	SNP	TSC0193801	33	0.04	103418553	118.94	142.75	96.41	102488306	143.112313659083	119.291201130826	97.1471210253002
D14S293	STS	AFMA143XB5	758	0.67	103454025	118.94	142.75	96.41	102523758	143.118614957505	119.314618491092	97.1774085979262
rs872945	SNP	TSC0201927	206	0.43	103475658	118.94	142.75	96.41	102545411	143.122464037060	119.329029913553	97.1960486485712
rs1106679	SNP	rs1106679	66	0.19	103485652	118.94	143.42	96.41	102555405	143.124359576669	119.336173274327	97.2037929700446
rs719252	SNP	rs719252	109	0.29	103613192	118.94	143.42	96.41	102682945	143.147551411676	119.431969614753	97.3191696811026
D14S118	STS	UT562	58	0.7	103774529	118.94	143.42	96.41	102844281	143.180521841047	119.579226841672	97.5273866635256
D14S1233	STS	D14S1233	93	0.33	103811075	118.94	143.42	96.41	102880828	143.190047984743	119.619052321645	97.5824058359743
rs4246	SNP	WIAF-4531	47	0.15	103811249	119.64	143.42	97.5	102881002	143.190107938442	119.619266609753	97.5826984253842
rs1961600	SNP	rs1961600	182	0.46	103862144	119.64	143.42	97.5	102931897	143.208058918794	119.681358519133	97.6690866710638
rs1989565	SNP	rs1989565	193	0.49	103862193	119.64	143.42	97.5	102931946	143.208079343758	119.681413846548	97.6691759515971
rs2010281	SNP	rs2010281	215	0.51	103862322	119.64	143.42	97.5	102932075	143.208133115600	119.681559504435	97.6694109962666
rs1116095	SNP	rs1116095	91	0.38	103931879	119.64	143.42	97.5	103001632	143.236865810877	119.759947405598	97.798915331659
rs8548	SNP	rs8548	248	0.46	104199580	119.64	143.42	97.5	103269333	143.342889931392	120.128518001369	98.3844015620948
D14S1010	STS	AFMB025XA9	131	0.81	104214349	119.64	143.42	97.5	103284055	143.349132461611	120.148783887679	98.4188681314658
rs722637	SNP	rs722637	221	0.44	104261723	119.64	143.42	97.5	103331476	143.369390115310	120.216141052581	98.5307755120206
D14S260	STS	AFM238WE7	895	0.74	104390763	119.99	143.42	97.61	103460491	143.425959143934	120.415372091713	98.8376389005343
rs1040812	SNP	rs1040812	24	0.05	104393932	119.99	143.42	97.61	103463685	143.427389314126	120.420110593463	98.8450824472258
D14S292	STS	AFMA120XG5	711	0.71	104596792	120.3	143.42	98.4	103666456	143.525546244968	120.739474912202	99.3553728092403
rs1547350	SNP	rs1547350	224	0.48	104646326	120.3	143.42	98.4	103716079	143.548430577962	120.844137488107	99.535581234497
rs6644	SNP	rs6644	284	0.42	105213343	121.66	143.77	100.61	104284388	143.749419443815	121.854972590101	101.286634882277
rs1132975	SNP	rs1132975	219	0.42	105222037	121.66	143.77	100.61	104293082	143.752034052326	121.869335562025	101.311914777967
rs7148884	SNP	rs7148884	241	0.4	105666722	123.36	144.12	104.12	104737767	143.871592659882	122.606079584372	102.628251807275
D14S1007	STS	AFMB002ZF1	180	0.8	105977978	123.36	144.12	104.12	105049022	143.939486434632	123.131097865515	103.578805939195
rs988133	SNP	rs988133	286	0.5	107184963	123.88	144.12	105.28	106256008	144.227609794264	125.027718195256	107.297975689036
rs988131	SNP	rs988131	166	0.29	107185072	123.96	144.12	105.28	106256117	144.227791035712	125.027875309450	107.298303350511
rs1858691	SNP	rs1858691	154	0.42	107231369	125.18	144.15	107.34	106302414	144.304772093839	125.094608482492	107.437475307468
rs1989750	SNP	rs1989750	273	0.43	107286267	125.18	144.15	107.34	106357312	144.396054598733	125.173739262752	107.506643633463
rs1989749	SNP	rs1989749	273	0.43	107286497	125.18	144.15	107.34	106357542	144.396437034817	125.174070788116	107.506928367142
