Markers_name	Type	Alias	Informative_meioses	Heterozygosity	Build37_map_physical_position	Sex.averaged_map_position	Female_map_position	Male_map_position	Build36_map_physical_position	Female_map_position_smoothed	Sex.averaged_map_position_smoothed	Male_map_position_smoothed
rs2302109	SNP	rs2302109	273	0.48	1110829	0	0	0	1061829	0	0	0
D19S883	STS	AFMA299YC1	544	0.68	1413918	0	1.52	0	1364756	0.23934903739419	1.06082069853402	2.14003676572730
rs1847602	SNP	TSC1750998	354	0.46	1442042	1.76	1.52	3.44	1393042	0.255951979628668	1.16864044969755	2.36564082994977
rs2656869	SNP	rs2656869	218	0.5	1456544	1.76	1.52	3.44	1407544	0.265608544445905	1.22403513012619	2.48128260342948
rs1875960	SNP	TSC0882543	239	0.48	1537467	1.78	2.51	3.44	1488467	0.321926317722051	1.55059431235461	3.11906628875145
rs1061828	SNP	rs1061828	211	0.36	1925970	3.96	2.51	7.01	1876970	0.764203659424433	3.15145118965519	6.05727373583107
rs4807189	SNP	rs4807189	270	0.46	1976640	3.96	2.51	7.01	1927640	0.84295276358859	3.36694896880974	6.42173427529316
rs11084925	SNP	rs11084925	222	0.35	2003029	3.96	2.51	7.01	1954029	0.885742460571894	3.48048099690189	6.61222640069572
D19S878	STS	AFMA282VE9	156	0.89	2359723	5.18	2.51	9.3	2310696	1.59417009254696	5.07027335079507	9.10627108555272
rs11879927	SNP	rs11879927	232	0.42	2539167	5.93	2.51	10.69	2490167	2.02127661446986	5.90498181245256	10.3030147691704
rs887270	SNP	rs887270	250	0.47	2550852	5.93	2.51	10.69	2501852	2.05103666974712	5.9598455080392	10.3801977914374
rs2907334	SNP	rs2907334	196	0.33	2559841	5.93	2.51	10.69	2510841	2.07422548025229	6.00210099749906	10.4398075526717
D19S565	STS	AFMA052WB9	839	0.79	2567233	5.93	2.51	10.69	2518074	2.09329452989678	6.03684930966808	10.4888269491611
rs1688128	SNP	TSC1307215	244	0.52	3030168	8.29	4.71	12.99	2981168	3.73864956631916	8.33294536690317	13.3934754576823
D19S591	STS	GATA44F10	894	0.75	3075853	8.29	4.71	12.99	3026843	3.94332052156174	8.6210870379528	13.7383093268974
rs4900	SNP	rs4900	233	0.51	3119239	8.86	4.71	13.72	3070239	4.12336642707556	8.87931429469288	14.0593002569743
rs1465245	SNP	TSC0380165	320	0.43	3136845	8.86	5.77	13.72	3087845	4.19479594913468	8.98017893419998	14.1839258628019
D19S247	STS	MFD219	148	0.81	3139982	8.86	5.77	13.72	3090981	4.20730941048736	8.99763728950695	14.2053943120222
D19S120	STS	D19S120	118	0.81	3180343	9.59	5.77	14.68	3131343	4.36839352073723	9.22212121762929	14.481294368315
rs562257	SNP	TSC0874595	334	0.39	3184083	9.59	5.77	14.68	3135083	4.38383942396163	9.24207913158232	14.5049215174360
D19S424	STS	AFMA132ZB9	749	0.82	3226373	9.59	5.77	14.68	3177372	4.55849376817553	9.46775297678918	14.7720851902505
D19S209	STS	AFM116XE9	707	0.82	3314332	10.04	5.77	15.75	3265328	4.85109381472008	9.92820606463422	15.3137759839285
rs8111330	SNP	rs8111330	199	0.41	3405515	11.64	7.23	17.21	3356515	5.24969032276614	10.4195571693624	15.8759372303809
rs1715093	SNP	rs1715093	206	0.51	3554783	11.64	7.23	17.21	3505783	5.91579212095121	11.1980354398375	16.7728369363249
rs2108389	SNP	rs2108389	213	0.51	3591590	12.4	7.99	17.21	3542590	6.04973979965693	11.3582232875669	16.9595898988692
rs2052059	SNP	rs2052059	222	0.48	3796849	12.4	7.99	18.3	3747849	6.7976017592707	12.2800712813016	18.0617396827968
rs10853967	SNP	rs10853967	263	0.5	3912951	13.04	7.99	19.34	3863951	7.1788168109679	12.7408988267113	18.6236692632953
rs1445850	SNP	rs1445850	259	0.43	3984768	13.04	8.25	19.34	3935768	7.3876544519716	12.9816943933292	18.8990124671023
rs2379623	SNP	rs2379623	320	0.52	4031810	13.3	8.62	19.34	3982810	7.50292474813844	13.0980901398159	19.0121233970259
rs352500	SNP	rs352500	203	0.46	4190870	13.95	9.48	19.66	4141870	7.89310941777065	13.5396954450706	19.4791690814338
rs2041774	SNP	TSC1058618	433	0.51	4355203	13.95	9.5	19.66	4306203	8.28048029177854	13.9060908097513	19.8520702021053
rs243404	SNP	TSC0859372	250	0.4	4384674	13.95	9.5	19.66	4335674	8.34570467261053	13.9807736569374	19.9298525632647
D19S894	STS	AFMB006XG9	792	0.79	4392434	13.95	9.5	19.66	4343405	8.36287888438672	14.0004383745976	19.9503334130016
rs105038	SNP	TSC0078610	250	0.39	4414710	13.95	9.5	19.66	4365710	8.41626047793787	14.0573980914179	20.0109683748680
rs2992	SNP	WIAF-923	114	0.37	4443046	13.95	9.5	19.66	4394046	8.48676661957068	14.1301783431329	20.0892734179294
rs741923	SNP	rs741923	259	0.51	4448843	13.95	9.5	19.66	4399843	8.50119081857708	14.1450677812749	20.1052931220030
rs8887	SNP	rs8887	237	0.55	4502201	14.36	10.55	19.66	4453201	8.64106432079296	14.2815114230220	20.2569149245395
rs2123731	SNP	TSC1129988	320	0.38	4929473	15.95	10.57	22.2	4880473	9.82439275769042	15.6478504677512	21.8985068915065
D19S216	STS	AFM164ZB8	782	0.71	4949376	15.95	10.57	22.2	4900356	9.88013077169155	15.7144814769801	21.9772125774150
rs753842	SNP	TSC0143371	203	0.39	4977744	15.98	10.97	22.2	4928744	9.9594127608767	15.8090685375915	22.0886746337802
rs1978237	SNP	rs1978237	231	0.39	5209641	16	11.92	22.2	5160641	10.5756346033402	16.5111314455598	22.9175585879827
rs17130	SNP	WIAF-2937	107	0.42	5254970	16	11.92	22.2	5205970	10.6860572219340	16.635295001301	23.0586509938076
rs2238640	SNP	rs2238640	216	0.4	5261506	16	11.92	22.2	5212506	10.7022381633757	16.6546025320861	23.0809942298107
rs886933	SNP	rs886933	188	0.4	5333960	17.75	12.42	24.31	5284960	10.8798079416988	16.8644344122740	23.3302702578057
rs1384936	SNP	rs1384936	150	0.5	5423643	17.75	12.42	24.31	5374643	11.0822464479670	17.0945689833255	23.5958703710168
rs535765	SNP	TSC0859343	419	0.4	5435309	17.75	12.42	24.31	5386309	11.1063615104880	17.1249788899760	23.6321488662306
rs412923	SNP	TSC1561215	98	0.12	5492363	17.75	12.42	24.31	5443363	11.2348415612464	17.2751195421550	23.8102764775193
D19S177	STS	MFD120A	488	0.8	5517457	17.75	12.42	24.31	5468296	11.2951223382988	17.3403884025969	23.8870022241533
rs1006130	SNP	TSC0083017	388	0.42	5524461	17.75	12.42	24.31	5475461	11.3119680663296	17.3564523371343	23.9052522377674
rs673153	SNP	rs673153	313	0.48	6033976	18.21	13.52	24.31	5984976	12.0456390832553	18.2210835685285	24.7012636941782
rs11879374	SNP	rs11879374	101	0.16	6088681	18.21	13.52	24.31	6039681	12.1141837562006	18.3237371391045	24.7897572812049
D19S1034	STS	D19S1034	897	0.72	6113256	18.21	13.52	24.31	6064252	12.1484691336519	18.3645292347389	24.8238331359343
D19S427	STS	MFD319	563	0.72	6190785	18.21	13.52	24.31	6141785	12.2560778091344	18.4855586412061	24.9047159875762
rs1862508	SNP	rs1862508	266	0.51	6632418	19.3	13.52	25.22	6583418	13.7836614535148	19.8137732399633	25.9838624870215
rs17030	SNP	WIAF-1162	110	0.46	6677989	19.36	13.52	25.86	6628989	13.9681010440417	19.9565347267517	26.1015632521717
rs457762	SNP	rs457762	264	0.41	6942935	21.68	17.23	27.41	6893935	15.4569092125345	21.0561174534328	26.7849273034656
D19S869	STS	AFMA176ZH5	356	0.62	7074187	21.68	17.23	27.41	7025186	16.1842593306765	21.5601387961268	27.0627467885142
rs966591	SNP	rs966591	209	0.49	7083629	21.68	17.23	27.41	7034629	16.2336013636954	21.5943185753224	27.0778291214182
INSR	STS	INSR	190	0.38	7142875	22.19	18.21	27.41	7068102	16.5365894860281	21.7837197204714	27.1532392080322
rs2962	SNP	WIAF-893	54	0.22	7163065	22.19	18.21	27.41	7114065	16.6369844096550	21.8429916913286	27.1744151887142
rs1035941	SNP	rs1035941	260	0.42	7199939	22.19	18.21	27.41	7150939	16.8108541266963	21.9492941439460	27.2086677575351
D19S592	STS	GATA47D11	77	0.68	7399754	22.95	19.67	27.41	7305711	17.6455243427899	22.4795873256643	27.4808766496664
D19S406	STS	AFM205ZF2	463	0.68	7419847	22.98	19.71	27.41	7325766	17.7253249475190	22.537417049841	27.5169449547864
rs1015956	SNP	rs1015956	231	0.46	7440870	22.98	19.71	27.41	7346870	17.8497838252962	22.606010201322	27.5472363311929
D19S901	STS	AFMB025WA9	497	0.9	7481395	22.98	19.71	27.41	7387244	18.0995529852711	22.7384328671915	27.602067072255
D19S567	STS	AFM042XC5	81	0.47	7539410	22.98	19.71	27.41	7445409	18.3703201997774	22.8911914986944	27.6724323956615
D19S873	STS	AFMA217XG5	1032	0.77	7576724	22.98	19.71	27.41	7482699	18.5371140740632	22.9863518496127	27.7045392931842
D19S395	STS	UT757	58	0.71	7583198	22.98	19.71	27.41	7489197	18.5657173256680	23.0027814554219	27.7102089787351
rs542419	SNP	rs542419	218	0.43	7629480	22.98	19.71	27.41	7535480	18.7317330115129	23.1109769183499	27.7621028476655
D19S76	STS	MFD37	286	0.53	7657116	22.98	19.71	27.41	7563115	18.8169781071345	23.1743950371237	27.7949440647635
rs1155715	SNP	TSC0323440	241	0.31	7663317	22.98	19.71	27.41	7569317	18.8351689360490	23.1885447645432	27.8024380768543
D19S905	STS	AFMB042ZH1	162	0.85	7669875	22.98	19.71	27.41	7575846	18.8544070357138	23.2035091110062	27.810363529409
D19S912	STS	AFMB299WB1	78	0.56	7871648	23.69	20.32	27.89	7777646	19.3784339866526	23.6121402233648	28.0986240614483
D19S922	STS	AFMB344ZD1	172	0.9	8137740	23.69	20.32	28.38	8043695	19.8713720961442	24.0880749207527	28.5111240454832
D19S884	STS	AFMA299ZC5	160	0.89	8150011	23.69	20.32	28.38	8055954	19.8885099397479	24.1109417426426	28.5361837314803
rs1044250	SNP	rs1044250	279	0.54	8436164	25.45	22.36	29.08	8342164	20.7801916743738	24.9248387537116	29.3749874970416
D19S391	STS	UT486	30	0.75	8618703	25.45	22.36	29.79	8524536	21.5527677682775	25.5780521865609	29.9594054203359
rs4542783	SNP	rs4542783	241	0.5	8642160	25.45	22.36	30.06	8548160	21.6656086389605	25.6698323881939	30.0331517646282
rs3936234	SNP	rs3936234	272	0.51	8660004	25.45	22.36	30.08	8566004	21.7560556398931	25.7437868028476	30.0916019700625
rs7253116	SNP	rs7253116	154	0.43	8672076	25.45	22.36	30.08	8578076	21.8175611811597	25.7941023374046	30.131306199047
rs36245	SNP	rs36245	260	0.47	8831793	26.99	24.58	30.65	8692793	22.5825536645042	26.4154354358328	30.6224424311506
D19S916	STS	AFMB325WA5	176	0.91	9117848	27.31	25.78	30.65	8978840	23.8640941516918	27.4639943851288	31.445414011267
D19S865	STS	AFMA107XC9	158	0.83	9178373	28.23	25.78	31.91	9039341	24.1072288433885	27.6600048599787	31.6032441630105
D19S413	STS	AFM292WD9	936	0.77	9179436	28.23	25.78	31.91	9040254	24.1104449737336	27.6630210234698	31.6056067174089
rs13535	SNP	rs13535	239	0.48	9454173	29.1	26.82	32.57	9315173	25.0235432841765	28.4407354441666	32.1971707039671
rs1435	SNP	rs1435	133	0.45	9558641	29.1	26.82	32.57	9419641	25.3588139893145	28.7201872890357	32.40298488812
rs7249421	SNP	rs7249421	194	0.35	9715299	29.1	26.82	32.57	9576299	25.8423636968063	29.1222085974251	32.6855518355536
D19S403	STS	UT1740	77	0.62	9730484	29.1	26.82	32.57	9591184	25.8905418911668	29.1605296253020	32.7095775707626
D19S586	STS	GATA23B01	964	0.73	9804797	29.1	26.82	32.57	9665792	26.1241869283192	29.3376390612314	32.8314506846367
rs1862471	SNP	TSC0853721	403	0.52	10000322	29.1	26.82	32.57	9861322	26.6942359895736	29.7711075500778	33.1078786730869
D19S583	STS	ATA11A11	125	0.86	10058343	29.1	26.82	32.58	9919272	26.8521776636037	29.8844889180079	33.1779344214639
rs749259	SNP	TSC0131195	150	0.24	10113626	29.92	27.98	33.09	9974626	26.9986251989941	29.9908773427066	33.2330591874127
rs889121	SNP	TSC0158373	255	0.53	10125121	29.92	27.98	33.09	9986121	27.0288953280419	30.0133426513287	33.2435905501317
D19S1169	STS	D19S1169	23	0.16	10396988	30.9	29.27	33.43	10257988	27.6443601470105	30.4771451077509	33.5001362564523
rs280521	SNP	rs280521	153	0.32	10473392	30.9	29.27	33.67	10334392	27.8091446888606	30.5830282068645	33.5527126491864
rs8112449	SNP	rs8112449	290	0.48	10520064	30.9	29.27	33.67	10381064	27.9019139146475	30.6460210279452	33.5829108357767
rs11085732	SNP	rs11085732	274	0.49	10533112	30.9	29.27	33.67	10394112	27.9279878832566	30.6631317672110	33.5907702576779
D19S581	STS	UT5187	1089	0.9	10695822	31.21	29.96	33.67	10556717	28.2783976544302	30.8775529083485	33.6792319633158
rs714307	SNP	rs714307	209	0.5	10835405	31.21	29.96	33.67	10696405	28.5703852976227	31.071190663034	33.7681479714784
rs892011	SNP	rs892011	188	0.47	11018403	31.34	30.17	33.67	10879403	28.9229126712706	31.3160223636328	33.9079679651231
rs1529729	SNP	rs1529729	233	0.48	11163562	31.43	30.35	33.67	11024562	29.1827962266389	31.5028099159825	34.0149391752953
D19S584	STS	ATA19D12	62	0.46	11202823	31.43	30.35	33.67	11063671	29.2536900106835	31.5516199146755	34.0413051868312
rs6887	SNP	rs6887	295	0.48	11465316	31.43	30.35	33.67	11326316	29.6094142854567	31.8245115700864	34.2357162827559
rs313624	SNP	rs313624	204	0.42	11552910	31.43	30.52	33.67	11413910	29.6733697170807	31.8916254558982	34.309416764584
D19S906	STS	AFMB055ZC9	808	0.85	11926042	32.65	31.35	35.08	11787025	29.8230266090480	32.0995303521513	34.6133730190407
D19S1165	STS	D19S1165	805	0.76	12294333	32.65	31.35	35.08	12155123	29.9695976492635	32.3402730303565	35.0106920276549
rs12982363	SNP	rs12982363	308	0.47	12580895	32.65	31.35	35.08	12441895	30.2404330482621	32.6316826584393	35.3359603502055
rs7255217	SNP	rs7255217	202	0.32	12618699	32.65	31.35	35.08	12479699	30.2877756546071	32.6738265849076	35.3768052765759
rs17878898	SNP	rs17878898	321	0.49	12660002	32.65	31.35	35.08	12521002	30.3341183334481	32.71909281997	35.4119497848075
rs1864081	SNP	rs1864081	231	0.5	12707978	32.65	31.35	35.08	12568978	30.4061991634418	32.7687931691418	35.4468665714719
D19S221	STS	AFM224YE9	946	0.86	12712793	32.9	31.35	35.54	12573741	30.4143402697159	32.7736473164503	35.4501405779932
D19S914	STS	AFMB312YB9	108	0.63	12941814	32.9	31.35	35.54	12802613	30.787300945048	33.0527670639615	35.6378248631284
rs9384	SNP	rs9384	260	0.43	13010643	32.9	32.58	35.85	12871643	30.9173550600958	33.1363001396418	35.6808189549481
D19S558	STS	UT7121	1016	0.85	13313061	33.62	32.64	35.85	13173988	31.6367121802502	33.5825734493745	35.8412311220742
rs1742	SNP	WIAF-3706	46	0.16	13461447	33.83	32.79	36.03	13322447	32.1260233701988	33.8959301137683	35.9259701116226
D19S564	STS	UT8166	63	0.69	13524659	34.46	33.86	36.07	13385640	32.3397040447791	34.0431453442755	35.9767720257072
D19S840	STS	AFMB022XB1	931	0.72	13840955	34.46	33.86	36.12	13701917	33.3639046586417	34.7706082622717	36.2825854785887
rs1531212	SNP	TSC0403006	153	0.32	13951830	34.46	33.86	36.12	13812830	33.7249776580555	35.035383284774	36.4007876611255
rs1056143	SNP	rs1056143	207	0.45	14065488	34.96	34.98	36.12	13926488	34.1145681485197	35.3205604998954	36.5284639118196
rs8100819	SNP	rs8100819	141	0.23	14227601	35.92	36.32	36.12	14088601	34.6423919768404	35.7281339408284	36.7781401992753
rs3619	SNP	WIAF-2382	83	0.24	14266561	35.92	36.32	36.67	14127561	34.7601064987338	35.8194639726976	36.8592011405023
D19S547	STS	UT1647	42	0.42	14433415	36.56	37.02	37.19	14294414	35.1773417983716	36.169792305278	37.2444205555732
D19S892	STS	AFMA357ZD9	130	0.8	14616753	36.7	37.05	37.6	14477617	35.5927118233842	36.5308811162752	37.6427523704285
D19S226	STS	AFM256YC9	902	0.88	14633406	36.7	37.05	37.6	14494399	35.6303524953417	36.5657684528148	37.6758735114905
D19S385	STS	D19S385	383	0.66	14702676	36.98	37.05	37.6	14563583	35.8023472529624	36.7067900825828	37.821899803598
D19S556	STS	UT6488	73	0.93	14727978	36.98	37.05	37.6	14588824	35.8508279436082	36.7519731710604	37.8615744101507
rs2482	SNP	WIAF-118	32	0.12	14730109	36.98	37.05	37.6	14591109	35.8549111129927	36.7557786078458	37.8649159083155
rs726789	SNP	rs726789	232	0.47	14743003	36.98	37.05	37.6	14604003	35.8796170660868	36.7788040897378	37.8851342458734
rs726788	SNP	rs726788	220	0.54	14743245	36.98	37.05	37.6	14604245	35.8800807577766	36.7792362416393	37.8855137121126
rs1015902	SNP	rs1015902	199	0.45	15022931	36.98	37.05	38.46	14883931	36.4201033262823	37.2639090635617	38.3438331563292
D19S415	STS	AFM302YB9	611	0.5	15025484	36.98	37.05	38.46	14886464	36.4240038078534	37.2673408975599	38.3476384062801
rs1122713	SNP	TSC0014617	177	0.44	15028182	36.98	37.05	38.46	14889182	36.4281258208885	37.2709676457491	38.351659778927
rs715158	SNP	TSC0004558	220	0.44	15039616	36.98	37.05	38.46	14900616	36.4455947226836	37.2863376378899	38.3687021713823
rs1548543	SNP	TSC0430769	384	0.5	15088026	36.98	37.05	38.46	14949026	36.5113302120358	37.3473572843613	38.4384562366998
rs1089	SNP	WIAF-1549	119	0.52	15116838	37.35	38	38.46	14977838	36.5461860515392	37.3816745560973	38.4784452536066
D19S929	STS	AFMA041ZD1	122	0.7	15160462	37.65	38.28	38.46	15021439	36.6073365267824	37.4419384458034	38.5302022339567
D19S923	STS	AFMB349XB1	388	0.64	15297128	37.8	38.4	38.46	15158087	36.8812007458996	37.6263355260387	38.6421670665708
rs3786853	SNP	rs3786853	287	0.45	15528983	37.88	38.4	38.46	15389983	37.4151215301676	37.9981208791689	38.7939464085085
rs12610560	SNP	rs12610560	306	0.49	15582485	38.28	38.4	38.63	15443485	37.5386305867272	38.0886084462914	38.8232101699976
rs959117	SNP	rs959117	210	0.46	15589328	38.36	38.55	38.63	15450328	37.554428780798	38.1002035175221	38.8268190527357
rs1273522	SNP	rs1273522	249	0.5	15640972	38.36	39.13	38.63	15501972	37.6836412662437	38.1766797251676	38.8517688498807
D19S432	STS	GATA9B02	670	0.6	15682228	38.36	39.17	38.63	15543228	37.7862404912209	38.2501513909820	38.8750579485583
rs2060260	SNP	rs2060260	208	0.49	15704783	38.36	39.17	38.63	15565783	37.8415650707847	38.2900521045657	38.887983627775
D19S588	STS	GATA27C12	942	0.79	15728231	38.36	39.17	38.63	15589231	37.8969145692904	38.3272166308279	38.9011285100209
D19S252	STS	MFD240	591	0.74	15737394	38.36	39.17	38.63	15598393	37.9185440240332	38.3417397694384	38.9062652618130
D19S244	STS	MFD236	118	0.77	15767255	38.38	39.17	38.83	15628225	37.9879324602274	38.3885597768943	38.9250960617163
D19S411	STS	D19S411	133	0.73	15902202	38.42	39.17	39.2	15763190	38.3355938392007	38.6026441917109	39.0488322507466
D19S1162	STS	D19S1162	461	0.75	16092809	38.62	39.44	39.37	15953788	38.9014681909639	38.9235153823594	39.2749009012092
D19S885	STS	AFMA302YA5	911	0.68	16209758	38.85	39.71	39.37	16070698	39.2733316393866	39.1155432191547	39.4449990624905
D19S917	STS	AFMB326ZH5	844	0.79	16361045	39.41	40.74	39.37	16222016	39.6900728078878	39.3978202646124	39.5825119033079
rs1004246	SNP	rs1004246	175	0.36	16456260	39.62	41.89	39.37	16317260	39.929308599016	39.5798831640897	39.6697226973526
rs728116	SNP	rs728116	122	0.33	16611978	40.19	41.89	39.42	16472978	40.337428064453	39.8821676129870	39.8182610386976
rs17029	SNP	WIAF-1148	98	0.43	16628850	40.19	41.89	39.86	16489850	40.3806341536541	39.9130629401953	39.8338897048182
rs731617	SNP	rs731617	233	0.48	16665857	40.19	41.89	39.86	16526857	40.4745099600802	39.978924195056	39.8695356851552
rs754292	SNP	rs754292	259	0.49	16699813	40.19	41.89	39.86	16560813	40.5588630435601	40.0355496146879	39.9049729549388
rs754291	SNP	rs754291	169	0.51	16700051	40.19	41.89	39.86	16561051	40.5594542802743	40.0359465062497	39.9052213372632
rs901792	SNP	rs901792	188	0.33	16791443	40.23	41.89	39.86	16652443	40.7599861568433	40.1886440365648	39.9934006870553
rs773852	SNP	rs773852	252	0.44	16872940	40.3	41.91	39.86	16733940	40.9709825704766	40.3491603591077	40.0673717638511
D19S1171	STS	D19S1171	114	0.67	16898966	40.3	41.91	39.86	16759966	41.0234830545022	40.3858320128807	40.0928150703196
rs799184	SNP	rs799184	276	0.47	16961869	40.3	41.91	39.86	16822869	41.1388292730575	40.4766696818457	40.1544049201461
D19S199	STS	D19S199	1273	0.83	16968262	40.3	41.91	39.86	16829261	41.1499853563278	40.4860100285617	40.1606691349919
D19S930	STS	AFMA050YC5	132	0.9	16968289	40.3	41.91	40.1	16829232	41.1500324725876	40.4860494762954	40.1606955910846
D19S899	STS	AFMB021YB9	751	0.81	17234209	41.25	43.3	40.28	17095082	41.8343990357155	40.9928212702016	40.4053441513125
D19S593	STS	GATA64E12	684	0.7	17308106	41.41	43.56	40.55	17169105	42.0636549201676	41.1456085151594	40.4698207674277
D19S410	STS	AFM278XC5	148	0.78	17397423	41.41	43.56	40.55	17258334	42.3622571056612	41.3332348665469	40.5516577015693
rs10421557	SNP	rs10421557	228	0.4	17456223	41.41	43.56	40.55	17317223	42.6099871476122	41.479863124429	40.5996447770964
D14S134	STS	UT742|D19S579	53	0.71	17576578	41.41	43.56	40.55	17437565	43.2319680588873	41.8391141225962	40.7030609539042
rs1820805	SNP	rs1820805	115	0.23	17610210	41.41	43.56	40.55	17471210	43.4315870484765	41.9569838501394	40.7301798296274
D19S429	STS	GAAT1E2	652	0.53	17636053	41.41	43.56	40.55	17496924	43.6143496836155	42.0596677398814	40.7526992909371
D19S915	STS	AFM234XF4	144	0.83	17917892	44.27	48.78	40.55	17778873	45.4884939606051	43.0863760496545	40.9929106316232
D19S1037	STS	D19S1037	491	0.81	18076783	44.27	48.78	41.02	17937610	46.5495267597274	43.651521393453	41.1102640186746
rs740691	SNP	rs740691	297	0.48	18234441	44.32	48.87	41.02	18095441	47.4571551742278	44.1134989133898	41.2106649672312
rs273265	SNP	TSC0339363	259	0.43	18284336	44.32	48.87	41.02	18145336	47.6990515122956	44.246754649836	41.2392766967745
rs7125	SNP	rs7125	334	0.5	18288069	44.32	48.87	41.02	18149069	47.7168038235106	44.2567875972076	41.2414109016288
rs271828	SNP	rs271828	230	0.45	18342477	44.32	48.87	41.25	18203477	47.9604626775426	44.396546602528	41.2711902220441
D19S212	STS	AFM143XE9	134	0.67	18343062	44.32	48.87	41.28	18204059	47.9630429917965	44.3980323438332	41.2715069348775
rs1035363	SNP	TSC0339725	260	0.35	18371776	44.32	48.87	41.28	18232776	48.0867216599382	44.4681376240081	41.2866306079789
rs1075403	SNP	TSC0031401	263	0.44	18384950	44.32	48.87	41.28	18245950	48.142870533098	44.4997374896811	41.2934849444871
D19S898	STS	AFMB019XE1	169	0.72	18473781	45.24	50.58	41.28	18334780	48.5186880611392	44.7056824792752	41.3370756465293
rs1862645	SNP	rs1862645	219	0.47	18724316	45.27	50.73	41.28	18585316	49.3459231033195	45.2007499683897	41.4473944030953
rs1991017	SNP	TSC0854181	296	0.48	18746593	45.27	50.73	41.28	18607593	49.4104949415306	45.2413320145566	41.4570387189835
D19S895	STS	AFMB007XB9	104	0.75	18753124	45.27	50.73	41.28	18614109	49.4294256178046	45.2532295475959	41.4598661655457
rs889364	SNP	TSC0158776	278	0.55	18761993	45.27	50.73	41.28	18622993	49.4551331921232	45.2693862189364	41.4637057955504
rs3220	SNP	WIAF-1671	74	0.26	18781193	45.27	50.73	41.28	18642193	49.5110632273753	45.3042357219874	41.4719617057767
D19S566	STS	AFMA123XF1	1129	0.84	19162094	45.27	50.73	41.28	19022980	49.8468747658667	45.8303753609443	41.6191346595075
rs1050483	SNP	rs1050483	131	0.21	19303802	46.04	50.79	41.51	19164802	49.9190430350658	45.9021180125973	41.6635640219666
D19S726	STS	UT1738	11	0.15	20228125	46.04	50.79	41.7	20089094	50.3647228634728	46.1272706087052	41.8201869437611
D19S546	STS	UT1644	62	0.75	20360262	46.04	50.79	41.77	20221261	50.4052822320296	46.2085673005809	41.8303095671996
rs2078584	SNP	rs2078584	116	0.24	20426003	46.04	50.79	41.77	20287003	50.4331331550807	46.2479481411313	41.8346719011416
rs1812642	SNP	rs1812642	183	0.43	20741589	46.04	50.79	41.77	20533429	50.7378390330986	46.3980136026629	41.8539645542817
rs959419	SNP	rs959419	193	0.49	20826692	46.04	50.79	41.77	20618532	50.8327026552219	46.435784067582	41.8586542723189
D19S911	STS	AFMB293YG9	747	0.68	20916473	46.95	53.54	41.77	20708294	50.9529198159976	46.4777912289261	41.8631192439743
D19S925	STS	AFMB355YD1	741	0.65	21361456	46.95	53.54	41.77	21153295	51.6425521190862	46.6791937521718	41.8776925107685
D19S580	STS	UT420	32	0.43	21378679	46.95	53.54	41.77	21170494	51.6743062928985	46.6877077691349	41.8781289534473
rs10416605	SNP	rs10416605	233	0.51	21410033	46.95	53.54	41.77	21201873	51.7216649374336	46.704002614746	41.8788285683184
D19S215	STS	D19S215	132	0.7	21682674	46.95	53.54	41.77	21474514	52.1202666981856	46.8380665850131	41.8847652468196
rs10084114	SNP	rs10084114	299	0.43	21821966	46.95	53.54	41.77	21613806	52.3256473602161	46.9178490345092	41.8876016174396
D19S401	STS	UT1312	32	0.54	22050073	46.95	53.54	41.77	21841760	52.664670756263	47.0520671489674	41.8918072062359
rs1828454	SNP	rs1828454	260	0.48	22055253	46.95	53.54	41.77	21847093	52.6720336265827	47.0551387601817	41.8919025425253
rs17206	SNP	WIAF-608	104	0.35	22092727	46.95	53.54	41.77	21884567	52.7242313347178	47.0766612428735	41.8925568620269
rs404822	SNP	rs404822	185	0.41	22215967	46.95	53.54	41.77	22007807	52.8999823840827	47.1473383343684	41.8946453205415
D19S568	STS	AFM344YG5	386	0.6	22495143	46.95	53.54	41.77	22286962	53.2649196754711	47.304012988118	41.8992273056791
D19S434	STS	GGAT4B07	56	0.41	22767824	47.36	54.44	41.77	22559664	53.5962848363734	47.45053830632	41.9033751130149
rs295357	SNP	rs295357	193	0.46	23438039	47.75	55.71	41.77	23229879	54.2958600860678	47.7929790231977	41.9130202783323
rs295418	SNP	rs295418	251	0.54	23508198	48.07	55.86	41.77	23300038	54.3627860673865	47.82725299712	41.9139479631104
rs40561	SNP	rs40561	251	0.54	23541372	48.07	55.86	41.77	23333212	54.3924184234157	47.8452711072995	41.914396938473
D19S910	STS	AFMB292WF1	67	0.38	23622736	48.07	55.86	41.77	23414508	54.467643537503	47.8859565757133	41.9154820432534
D19S1036	STS	D19S1036	93	0.52	23652821	48.07	55.86	41.77	23444661	54.493365217678	47.9007472989433	41.9158762610453
rs1973371	SNP	rs1973371	241	0.54	23723647	48.07	55.86	41.77	23515487	54.5541690114027	47.9346322217314	41.9168010474337
D19S560	STS	D19S560	51	0.57	23909390	48.07	55.86	41.77	23701229	54.6754857810943	48.0219586595253	41.9192659779759
rs450542	SNP	rs450542	275	0.47	24042897	48.07	55.86	41.77	23834737	54.7006067098008	48.0553070854151	41.9209373823949
rs251746	SNP	rs251746	275	0.47	24050048	48.07	55.86	41.77	23841888	54.7016160371263	48.0562074258673	41.921028347039
rs251743	SNP	rs251743	267	0.46	24056368	48.07	55.86	41.77	23848208	54.702508073023	48.0570031399852	41.921108740907
rs723352	SNP	rs723352	23	0.07	24079561	48.07	55.86	41.77	23871401	54.705781647161	48.0599232345323	41.9214037685941
rs919812	SNP	rs919812	180	0.31	24346227	48.07	55.86	41.77	24138067	54.733739894248	48.0811607037065	41.9247958851016
rs1821302	SNP	rs1821302	208	0.33	24372129	48.07	55.86	41.77	24163969	54.7359050595519	48.0827027909611	41.9251348180872
rs2009234	SNP	rs2009234	127	0.26	28150676	48.07	55.86	41.77	32842516	55.0226202233036	48.2182754148193	41.97476233966
rs1548802	SNP	rs1548802	127	0.26	28210772	48.07	55.86	41.77	32902612	55.0280243269757	48.2222140422782	41.9758972727247
rs12459683	SNP	rs12459683	319	0.53	28288105	48.07	55.86	41.77	32979945	55.0352307940198	48.22845212137	41.9772683914500
rs759048	SNP	rs759048	194	0.44	28290075	48.07	55.86	41.77	32981915	55.0354080744535	48.2286220841414	41.9773085978651
D19S419	STS	AFM326XB1	471	0.57	28291263	48.24	55.86	41.77	32983019	55.035514982654	48.2287245794573	41.9773328441703
rs719365	SNP	rs719365	124	0.41	28463587	48.24	55.86	41.77	33155427	55.0546236418888	48.249531424802	41.9808241394622
D19S931	STS	AFMA058XC5	873	0.79	28623452	48.42	56.17	41.77	33315121	55.0843051808508	48.3112061164604	41.9845145022907
D19S870	STS	AFMA190YG9	394	0.7	28641519	48.42	56.17	41.77	33333235	55.0891169635545	48.3195774532054	41.9849555874095
rs724637	SNP	rs724637	76	0.16	28701767	48.42	56.17	41.77	33393607	55.1199359871015	48.347581598982	41.986521586638
D19S222	STS	AFM234VB2	124	0.67	28725945	48.42	56.17	41.77	33417729	55.1377881637273	48.3590623730293	41.9871696657562
rs929476	SNP	rs929476	141	0.3	28807679	48.42	57.25	41.77	33499519	55.1992194939575	48.3982811460994	41.9894874741691
D19S920	STS	AFMB340VA9	698	0.69	29497843	49.01	57.31	41.77	34189679	55.812944375231	48.7875687444618	42.0209626569796
rs1433114	SNP	rs1433114	143	0.32	29514227	49.01	57.31	41.77	34206067	55.8322308453069	48.8019482416143	42.0224982795954
rs17110	SNP	WIAF-2857	105	0.56	29622506	49.01	57.31	41.77	34314346	56.000520546669	48.9107346842893	42.0352646665099
D19S384	STS	MFD283	406	0.52	29730585	49.01	57.31	41.77	34422424	56.2069699939447	49.0271836534993	42.0696777097319
rs877836	SNP	rs877836	241	0.46	29762562	49.01	57.31	41.77	34454402	56.2728865239768	49.0615840119423	42.0847754253065
D19S255	STS	MFD237	456	0.58	29763349	49.01	57.31	41.77	34455152	56.2746772299726	49.0624836032069	42.0851335571108
D19S932	STS	AFMA084XF1	631	0.64	29777713	49.01	57.31	41.77	34469524	56.307360458592	49.0789025726164	42.0916700313645
D19S875	STS	AFMA224WC9	291	0.76	29797340	49.01	57.31	41.77	34488947	56.3520188913485	49.1013374871667	42.1006014836185
D19S561	STS	UT8112	78	0.62	29876668	49.01	57.31	41.77	34568480	56.5124156100845	49.1917758194103	42.1365915157592
D19S919	STS	AFMB332XE5	383	0.7	29911002	49.01	57.31	42.05	34602835	56.5788693176913	49.2270622999941	42.1525420237019
rs892076	SNP	rs892076	100	0.23	29912529	49.01	57.31	42.29	34604369	56.581824837337	49.228631661439	42.1532514203824
rs4805406	SNP	rs4805406	371	0.57	29942363	49.01	57.31	42.29	34634203	56.6421629209349	49.264497085944	42.1680238329114
rs1368456	SNP	rs1368456	162	0.55	30030578	49.4	57.31	42.29	34722418	56.8106593121625	49.3642893006509	42.2127881820238
D19S49	STS	MFD11	429	0.79	30085508	49.8	58.82	42.29	34777347	56.9302052775276	49.4182142038595	42.2417940423237
D19S426	STS	MFD318	281	0.7	30151924	49.8	58.82	42.29	34843764	57.0512258192389	49.4922150920071	42.2837019797996
D19S433	STS	GGAA2A03	638	0.74	30417027	50.25	59.7	42.29	35108829	57.772978891746	49.8548766339343	42.4076866931905
rs10756	SNP	rs10756	262	0.49	30504816	50.25	59.7	42.29	35196656	58.1049113832397	50.023302093239	42.4208202577886
D19S405	STS	AFM205YF10	496	0.57	30725595	50.58	60.32	42.29	35417431	59.0648460915129	50.5041002087381	42.4486513114136
D19S396	STS	UT758	66	0.68	30755281	50.58	60.32	42.29	35447109	59.2394903113355	50.596029280623	42.4522657514187
D19S882	STS	AFMA297YE9	938	0.71	30785322	50.58	60.32	42.29	35477161	59.4029079968419	50.6804824220597	42.4559264974119
rs1347168	SNP	rs1347168	261	0.45	30821304	50.58	60.32	42.29	35513144	59.5943792686853	50.7784000862952	42.4603012304721
rs1019937	SNP	TSC0223922	220	0.41	30836248	50.58	60.32	42.29	35528088	59.6907992479778	50.8276967526215	42.4620639026296
D19S250	STS	MFD242	264	0.69	30857477	50.58	60.32	42.29	35549316	59.8277705903494	50.8977261242384	42.4645679020429
rs1433075	SNP	TSC0645908	457	0.46	30920679	50.58	60.32	42.29	35612519	60.1547553876153	51.060914880395	42.471883333194
rs11671292	SNP	rs11671292	236	0.29	31009903	50.97	61.06	42.29	35701743	60.6336962032077	51.3068249830495	42.4839657026234
D19S928	STS	AFMC021WD1	466	0.46	31150813	51.72	62.62	42.29	35842586	61.357446998846	51.680473962358	42.5085084519384
rs1077647	SNP	TSC0130040	79	0.14	31279497	52.78	64.49	42.32	35971337	62.0801643240735	52.0530759279863	42.5509676993426
D19S563	STS	UT7989	43	0.42	31315742	53.07	65.2	42.44	36007581	62.2493366800081	52.1413519595878	42.5675698176079
D19S249	STS	MFD243	82	0.61	31542259	53.11	65.2	42.54	36234075	63.151325432667	52.6107283255513	42.6790904674591
rs10405774	SNP	rs10405774	275	0.43	31825913	53.11	65.2	42.7	36517753	64.1193250649156	53.1331434963751	42.8164884003513
rs2909	SNP	WIAF-839	17	0.22	31827698	53.11	65.2	42.7	36519538	64.125572662345	53.1362257114386	42.8173199593221
rs10410601	SNP	rs10410601	308	0.45	31849728	53.11	65.2	42.7	36541568	64.2029034872504	53.1735568481356	42.8275423437707
D19S114	STS	D19S114	161	0.55	31882577	53.11	65.2	42.7	36574416	64.3168593333814	53.2296790287021	42.8426999512167
rs1081	SNP	WIAF-1533	119	0.38	31901873	53.11	65.2	42.7	36593713	64.3766274447084	53.2650726117628	42.851152917876
D19S414	STS	AFM295XG9	612	0.72	31914771	53.11	65.2	42.7	36606563	64.4165781650595	53.2887306981183	42.8568031233057
rs1074607	SNP	rs1074607	210	0.44	31932602	53.11	65.2	42.7	36624442	64.4717554049816	53.3213295447634	42.864620375187
rs918585	SNP	rs918585	280	0.45	31992137	53.11	65.2	42.7	36683977	64.6430763859499	53.4063812860521	42.8919739802422
rs892210	SNP	TSC0163432	270	0.45	32126009	53.44	65.74	42.7	36817849	64.9527225612006	53.5908867956171	42.9510076508632
D19S75	STS	MFD13A	494	0.64	32126330	53.68	66.16	42.83	36818077	64.9533793257518	53.591270735482	42.9511432742978
D19S251	STS	MFD241	249	0.65	32149963	53.68	66.16	42.9	36841774	65.0067899877242	53.6217802066416	42.9610553108231
D19S431	STS	D19S431	151	0.68	32321608	53.81	66.51	42.9	37013448	65.5430688435005	53.9058431590484	43.0249203909198
D19S871	STS	AFMA190ZH5	524	0.45	32420866	53.89	66.56	42.96	37112595	65.8373604153328	54.0765553558814	43.0554624779723
rs2017628	SNP	rs2017628	247	0.51	32584590	54.58	67.89	42.96	37276430	66.4179601773693	54.386843040628	43.0983909237567
D19S1170	STS	D19S1170	908	0.84	32603356	54.58	67.89	42.96	37295139	66.4928073849243	54.4245977602002	43.1028203313824
D19S225	STS	AFM248ZC1	77	0.49	32826495	55.06	68.76	42.97	37518191	67.17009818256	54.7856050057267	43.1456564507667
rs718385	SNP	rs718385	8	0.02	32879350	55.06	68.76	43.01	37571190	67.2463070132429	54.8373720019742	43.1542907588547
D19S113	STS	MFD111	781	0.71	33032460	55.06	68.76	43.05	37724300	67.5155467891348	54.979322185286	43.1775982978734
rs977708	SNP	rs977708	254	0.51	33231786	55.06	68.76	43.05	37923626	67.6917255756045	55.0861364873321	43.2065456279042
rs1007160	SNP	rs1007160	270	0.49	33353061	55.06	68.76	43.05	38044901	67.8222499413795	55.1586161270776	43.2249377654663
D19S868	STS	AFMA154XG1	155	0.92	33454752	55.06	68.76	43.05	38146555	67.9789181113853	55.2434938816973	43.2414701955630
D19S555	STS	UT6491	84	0.8	33480934	55.06	68.76	43.05	38172644	68.0323268722523	55.2713548796336	43.2457544035739
rs7259371	SNP	rs7259371	212	0.32	33534641	55.59	69.78	43.13	38226481	68.1581784960245	55.3387418727961	43.2548998911469
rs17884930	SNP	rs17884930	116	0.27	33595390	55.59	69.78	43.15	38287230	68.3349939038895	55.4345402321359	43.265369767194
D19S548	STS	UT1974	11	0.34	33798303	55.59	69.78	43.18	38489951	69.018673179388	55.7836030208942	43.3061668998364
rs2772	SNP	WIAF-571	105	0.39	33873435	55.59	69.78	43.18	38565275	69.2984839481024	55.9314868446772	43.3222477528056
D19S1004	STS	D19S1004	93	0.41	33877867	55.67	69.81	43.18	38569707	69.3146117706046	55.9397239431368	43.3231986572099
rs1038	SNP	WIAF-4186	97	0.41	33878043	55.67	69.81	43.18	38569883	69.3152522256498	55.9400510481297	43.3232364187567
D19S719	STS	GGAT21B08	820	0.65	33913946	55.67	69.81	43.18	38605668	69.4460899943626	56.0073032420247	43.3307181284505
D19S416	STS	AFM304XF5	798	0.75	34068650	56.28	71.16	43.18	38760451	70.0924617777047	56.3350422913319	43.3635805405831
D19S874	STS	AFMA218WG1	625	0.59	34069021	56.28	71.16	43.18	38760845	70.0942138819102	56.335917306504	43.3636562615066
D19S248	STS	MFD218	79	0.67	34073359	56.28	71.16	43.18	38765182	70.114700749952	56.3461486159826	43.3645416452428
D19S245	STS	MFD235	772	0.71	34098157	56.28	71.16	43.18	38789927	70.2318130952033	56.404635479157	43.3696029052449
D19S213	STS	AFM158YE3	124	0.67	34111259	56.31	71.17	43.18	38803094	70.294046448761	56.435579482958	43.3723112525086
rs736239	SNP	rs736239	208	0.45	34290167	58.13	74.72	43.37	38982007	71.2115637331825	56.8940480098591	43.4092257502034
rs1458	SNP	WIAF-3422	77	0.46	34660146	58.13	74.72	43.37	39351986	73.3450784168843	57.9262877766739	43.4570693054612
rs479036	SNP	rs479036	271	0.54	34720442	58.13	74.72	43.37	39412282	73.4117465960509	57.9626641322231	43.4640610019771
rs2316	SNP	WIAF-2574	16	0.07	35079432	58.23	75.11	43.37	39771272	74.3957053051844	58.5229466104431	43.5116550136562
D19S587	STS	GATA24C09	731	0.68	35210093	58.29	75.11	43.37	39901933	74.8005417017326	58.7493973315	43.5494840187701
rs1363364	SNP	rs1363364	192	0.4	35308340	59.08	76.84	43.37	40000180	75.471397418842	59.1055509919851	43.5991196051057
rs1055163	SNP	rs1055163	241	0.48	35357971	59.08	76.84	43.37	40049811	75.7690668351764	59.2616479553925	43.623669617275
rs1811	SNP	WIAF-3775	98	0.51	35434238	59.08	76.84	43.37	40126078	76.142143926011	59.4594998426225	43.6592330346578
D19S425	STS	AFMA139WE9	884	0.85	35494004	59.08	76.84	43.37	40185843	76.4466070040375	59.6175689427267	43.6853931947162
rs870379	SNP	TSC0135827	207	0.49	35543756	59.68	76.84	43.51	40235596	76.6874493217269	59.7472796376026	43.7071039888829
rs897764	SNP	TSC0172056	105	0.12	35559624	59.73	76.84	43.57	40251464	76.7604022156596	59.7884413624111	43.7143887111379
D19S893	STS	AFMB004WH1	77	0.77	35575840	59.73	77.04	43.57	40267620	76.8349550344152	59.8305058021322	43.7218331941281
D19S208	STS	AFM116XC7	696	0.67	35630082	59.73	78.18	43.57	40321899	77.0901468068545	59.9634210025225	43.7474122637237
rs3458	SNP	WIAF-1948	84	0.36	35660670	60.44	78.92	43.71	40352510	77.232738292383	60.0397735282236	43.7623588114913
rs739495	SNP	TSC0100900	181	0.43	35662809	60.44	78.92	43.71	40354649	77.2425030808614	60.045362706375	43.7634297801838
D19S191	STS	D19S191	348	0.87	35678750	60.44	78.92	43.71	40370589	77.3152756349218	60.0870163243796	43.7714112256849
rs1687989	SNP	rs1687989	164	0.49	35695217	60.44	78.92	43.71	40387057	77.3904494413149	60.13004437329	43.7796560323510
rs2280744	SNP	rs2280744	141	0.25	35755386	60.44	78.92	43.71	40447226	77.6688503780446	60.2837466098026	43.8117252772969
rs2284147	SNP	rs2284147	304	0.53	35765041	60.44	78.92	43.71	40456881	77.7150453827172	60.3090839994194	43.8171976387742
rs720309	SNP	rs720309	130	0.28	35797916	60.44	79.89	43.71	40489756	77.8723380578712	60.3953570893889	43.8358308737368
rs720308	SNP	rs720308	130	0.29	35798060	60.44	79.89	43.71	40489900	77.8730270356727	60.395734985205	43.8359124915569
rs756796	SNP	rs756796	235	0.4	35809800	60.89	79.89	43.71	40501640	77.9329000919347	60.4280341317001	43.8427385050725
ATA57C01	STS	ATA57C01	65	0.4	36411290	61.73	81.59	43.94	41103067	80.5469079273408	61.8449711243657	44.2099007959321
D19S876	STS	AFMA238YD1	737	0.79	36438343	61.73	81.59	43.94	41130182	80.616156965529	61.8853816326516	44.2224579883221
D19S224	STS	AFM240VC1	151	0.81	36528072	61.83	81.59	44.02	41219844	80.8052426304719	62.0062091324062	44.2589819364793
rs1009381	SNP	TSC0088288	419	0.47	36537959	62.03	81.76	44.02	41229799	80.827420825368	62.0193396235754	44.2628970272258
rs2023865	SNP	TSC1044759	350	0.38	36563057	62.03	81.76	44.26	41254897	80.8804557538478	62.0508213900702	44.2715148919856
rs1548506	SNP	TSC0430716	253	0.47	36586809	62.03	81.76	44.26	41278649	80.9287129191562	62.079519057296	44.2788883514346
rs1898675	SNP	rs1898675	195	0.44	36742932	62.49	82.72	44.26	41434772	81.195509671032	62.257767575114	44.3331453770063
rs2857	SNP	WIAF-786	52	0.25	36825458	62.49	82.72	44.26	41517298	81.3248504367997	62.3356821032051	44.3527510898639
rs1878926	SNP	rs1878926	244	0.51	36930521	62.49	82.72	44.26	41622361	81.4406493290427	62.4038239137236	44.3666843489441
D19S909	STS	AFMB080ZE9	686	0.83	37179984	62.49	82.72	44.26	41871736	81.5631202385673	62.4591407880055	44.3915238034090
rs538649	SNP	rs538649	186	0.41	37412887	62.49	82.72	44.26	42104727	81.602194290502	62.4871640748214	44.4116895353716
rs1375477	SNP	rs1375477	161	0.42	37465414	62.49	82.72	44.26	42157254	81.6111229960377	62.4935571436067	44.4156590964591
D19S896	STS	AFMB015XB5	142	0.75	37478642	62.49	82.72	44.26	42170436	81.6133904712031	62.4950646754985	44.4166548319196
rs1829603	SNP	rs1829603	127	0.52	37556298	62.49	82.72	44.26	42248138	81.6277371974172	62.5047917264802	44.42346498853
rs1818748	SNP	rs1818748	193	0.44	37556318	62.49	82.72	44.26	42248158	81.627741959156	62.5047942368639	44.4234668162457
rs1402468	SNP	rs1402468	194	0.47	37620248	62.49	82.72	44.26	42312088	81.6431785766402	62.5129826370536	44.4291642464905
D19S570	STS	AFM317YA9	143	0.92	37727743	62.49	82.72	44.26	42419493	81.674650816555	62.5295590066641	44.4383510366183
rs320881	SNP	TSC1122183	197	0.47	37737850	62.49	82.72	44.26	42429690	81.6779640331865	62.5316629686315	44.439373649956
rs1373991	SNP	rs1373991	123	0.27	37838911	62.49	82.72	44.26	42530751	81.7102081563626	62.5522019455945	44.4493499195946
rs256733	SNP	rs256733	245	0.57	37875631	62.49	82.72	44.26	42567471	81.7230467842844	62.5603652852354	44.4537381377748
D19S713	STS	GATA50E06	86	0.79	37884181	62.49	82.72	44.26	42576021	81.7248662357936	62.5619257172834	44.4546807117747
rs1545755	SNP	rs1545755	232	0.56	37981509	62.49	82.72	44.26	42673349	81.7477198216958	62.5808773448713	44.4675233567976
rs1291	SNP	WIAF-2206	73	0.36	38229378	62.49	82.72	44.26	42921218	81.8081594978103	62.6354669343857	44.5104612953327
D19S220	STS	AFM214YF12	1078	0.85	38431554	62.65	83.05	44.26	43123390	81.9153847398261	62.706145678874	44.5437624279164
D19S228	STS	AFM238XC7	611	0.63	38489500	62.83	83.05	44.6	43181339	81.9516517149334	62.7285865777623	44.551386427523
D19S897	STS	AFMB018WH1	657	0.68	38759364	62.83	83.05	44.6	43451099	82.1458622802829	62.8436303757301	44.5846393814715
D19S421	STS	AFMA123XE5	527	0.63	38871203	63.17	83.76	44.6	43562945	82.228533889141	62.8940637828388	44.5979516751364
D19S422	STS	AFMA123XE9	896	0.77	39170120	63.17	83.76	44.6	43861825	82.5318131587485	63.0878711954636	44.6567363524044
D19S881	STS	AFMA284YF9	679	0.63	39348129	63.17	83.76	44.6	44039965	82.7824650396892	63.2539822761827	44.731070496984
rs575	SNP	rs575	265	0.48	39432783	63.41	84.19	44.6	44124623	82.9317003697042	63.3537386180662	44.7776064077812
D19S417	STS	AFM304ZG1	964	0.73	39472600	63.41	84.19	44.6	44164323	83.0061989898158	63.4033140336667	44.8022664551202
rs12972978	SNP	rs12972978	190	0.49	39517961	63.41	84.19	44.6	44209801	83.0937863167293	63.4667408733351	44.8323102566065
rs8106486	SNP	rs8106486	226	0.36	39611580	63.41	84.19	44.6	44303420	83.3215110540234	63.6169219519577	44.9094487925263
rs879689	SNP	rs879689	192	0.47	39650830	63.41	84.19	44.6	44342670	83.4292459970407	63.6884739019373	44.9465209422696
rs566130	SNP	rs566130	251	0.53	39924129	64.02	85	44.6	44615969	84.118441540726	64.1509841613555	45.1805182295351
D19S190	STS	D19S190	308	0.63	39948819	64.02	85	44.6	44640658	84.1795857896163	64.1921342344541	45.2012059819263
rs993983	SNP	rs993983	296	0.49	40151480	64.02	85	45.12	44843320	84.7034387891478	64.5491081595232	45.3889677485372
rs440334	SNP	rs440334	246	0.45	40219850	64.02	85	45.74	44911690	84.8770343677189	64.661586132231	45.4506506427329
D19S47	STS	MFD9	1116	0.77	40314188	65.33	86.97	45.74	45006013	85.0960824300179	64.8117111482558	45.5312982288740
rs718066	SNP	rs718066	247	0.53	40321840	65.33	86.97	45.74	45013680	85.1132448502326	64.8232229104388	45.5375775525843
D19S554	STS	UT6385	73	0.82	40609649	65.79	87.73	45.79	45301323	85.7672050394508	65.251886826395	45.776090929819
D19S552	STS	UT5576	66	0.53	40651328	65.84	87.73	45.84	45343153	85.8702700488155	65.3199453397267	45.8135501583076
D19S200	STS	D19S200	756	0.82	40691803	65.84	87.73	45.84	45383642	85.9721997119382	65.3898184030508	45.8498553431693
rs268666	SNP	rs268666	318	0.53	40918165	65.84	87.73	45.84	45610005	86.5340041235743	65.7557946256003	46.0441204445931
rs7937	SNP	rs7937	237	0.48	41302706	66.09	88.06	46.22	45994546	87.4807005372027	66.383904172035	46.3699220055383
D19S223	STS	AFM238WF10	728	0.83	41394828	66.09	88.06	46.22	46086644	87.671212009342	66.5123709699111	46.4331597080293
rs953490	SNP	rs953490	68	0.18	41468259	66.57	88.87	46.22	46160099	87.8127809491484	66.6015341007741	46.4801120746165
D19S400	STS	UT5036	893	0.83	41527533	66.57	88.87	46.22	46219294	87.9212422849103	66.671896664937	46.5136932913185
rs758643	SNP	rs758643	152	0.3	41991524	66.87	89.29	46.61	46683364	88.5987403100066	67.1248754387004	46.7557274570706
rs2302188	SNP	rs2302188	247	0.35	42085873	66.87	89.29	46.63	46777713	88.7199259395999	67.208355602332	46.8095003823713
rs2215324	SNP	rs2215324	275	0.51	42120283	66.87	89.29	46.63	46812123	88.7658902663751	67.2418804383217	46.8317108388460
D19S582	STS	GATA50C01	46	0.52	42129190	67.72	90.71	46.66	46821030	88.7789692052726	67.2518709047307	46.8372875166241
D19S197	STS	D19S197	477	0.83	42132404	67.72	90.71	46.8	46824243	88.7836886068238	67.2554758625211	46.8392998038565
D19S198	STS	D19S198	1111	0.74	42153083	67.72	90.71	46.8	46844922	88.8140534184844	67.2786703000277	46.8522469375462
rs1988065	SNP	rs1988065	53	0.12	43374601	68.03	90.71	47.39	48066441	89.980672939341	68.1851006469273	47.3058902293783
D19S211	STS	AFM126ZC1	625	0.55	43384016	68.13	90.71	47.39	48075706	89.9992863909977	68.200352435181	47.3186268993213
rs2215124	SNP	TSC1276662	219	0.28	43807640	68.13	90.71	47.39	48499480	90.7210798836479	68.7640353403151	47.7588994311015
D19S420	STS	AFM326XH9	653	0.81	43808799	68.23	91.41	47.39	48500599	90.7229633335936	68.7657406833911	47.7600776825374
rs1160590	SNP	TSC0331136	107	0.14	43810083	69.1	92.38	47.39	48501923	90.7250499166223	68.7676299504398	47.7613830102713
rs2260219	SNP	rs2260219	302	0.53	43967147	69.1	92.38	47.39	48658987	91.0572803858219	69.0025344600326	47.9569447658634
rs1055099	SNP	rs1055099	225	0.46	43979589	69.1	92.38	47.39	48671429	91.0835122472685	69.0208638199554	47.9713087512345
rs2682566	SNP	rs2682566	285	0.48	44024942	69.1	92.38	47.39	48716782	91.177616368853	69.0882148399322	48.0195600819526
D19S537	STS	MFD21	222	0.43	44031850	69.1	92.38	47.39	48723690	91.1919701510462	69.0987807852392	48.0270249634126
D19S408	STS	AFM238VG11	671	0.76	44047434	69.1	92.38	48	48739098	91.224378855041	69.123035391138	48.0440224485526
rs3817	SNP	WIAF-2641	105	0.59	44090195	69.1	92.38	48	48782035	91.311489238988	69.1894347365968	48.0905481631693
rs3046	SNP	WIAF-978	131	0.57	44124735	69.1	92.38	48	48816575	91.376787624884	69.2426418962445	48.1278118476639
PLAUR	STS	PLAUR	133	0.29	44152785	69.1	92.38	48	48844625	91.4354469192807	69.2855705281916	48.15769420403
D19S900	STS	AFMB022ZB9	752	0.81	44167407	69.41	92.91	48	48859097	91.4673903713684	69.3078803701663	48.1731793411493
D19S913	STS	AFMB301XC9	149	0.81	44191651	69.41	92.91	48	48883373	91.5201999864119	69.3448319439626	48.1988941591111
D19S577	STS	D19S577	57	0.37	44268201	69.76	92.96	48.55	48960041	91.678316720948	69.4575269824635	48.2843237736338
D19S217	STS	AFM165XA9	861	0.73	44281366	69.76	93.06	48.55	48973202	91.7035521913905	69.4758919989851	48.3001050380661
rs1909	SNP	WIAF-3873	100	0.38	44355517	69.76	93.06	48.55	49047357	91.8392992899054	69.590836477979	48.3866300213654
D19S178	STS	MFD139	1156	0.76	44405601	69.76	93.06	48.55	49097354	91.9408884694895	69.6671514255729	48.4487278524317
rs448829	SNP	rs448829	257	0.49	44406321	69.76	93.06	48.55	49098161	91.9421257985294	69.6682087987284	48.4497604794616
rs3172	SNP	rs3172	43	0.34	44609846	69.76	93.06	48.55	49301686	92.250118841105	69.9285783727751	48.6915088494425
rs1582	SNP	WIAF-3546	53	0.37	44830892	69.76	93.06	48.55	49522732	92.5747400769988	70.1473505917499	48.7336574798241
rs718087	SNP	rs718087	181	0.41	45009690	69.76	93.06	48.55	49701530	93.0703831116143	70.4050234906672	48.7578608437508
D19S903	STS	AFMB039YE9	133	0.73	45045976	70.77	94.82	48.55	49737740	93.1689849858673	70.4547114418631	48.7628678775278
D19S574	STS	AFM329WH1	154	0.85	45123598	70.77	94.82	48.55	49815349	93.3731636245919	70.56183914226	48.7747820869711
BCL3	STS	BCL3	468	0.37	45255278	70.77	94.82	48.55	49947117	93.703617004749	70.75940684219	48.8012123796164
D19S559	STS	UT7544	457	0.74	45330223	70.77	94.82	48.55	50022028	93.8863748137844	70.8667286907372	48.8289555276502
rs5120	SNP	rs5120	301	0.49	45451620	71.36	95.86	48.56	50143460	94.1914748182679	71.0603606461785	48.9222138766366
D19S918	STS	AFMB331ZH9	178	0.89	45514778	71.36	95.86	48.99	50206617	94.3507963920247	71.1683498323811	48.9833498366098
rs10419815	SNP	rs10419815	275	0.47	45569009	71.36	95.86	48.99	50260849	94.4843567643521	71.2645541483593	49.049904089686
rs10405859	SNP	rs10405859	302	0.47	45602781	71.36	95.86	48.99	50294621	94.57709626325	71.3245141674526	49.0962377658666
rs386569	SNP	rs386569	177	0.44	45787046	71.49	95.86	49.16	50478886	95.0766795658464	71.7037199670707	49.3889256832057
D19S908	STS	AFMB060XC5	493	0.71	45870535	71.49	95.86	49.16	50562366	95.2830639514104	71.862468369968	49.5033241260171
D19S543	STS	UT5136	88	0.81	45900480	71.49	95.86	49.16	50592320	95.3538152125295	71.9129337403143	49.541338877006
D19S393	STS	UT579	117	0.86	45900502	71.51	95.88	49.16	50592243	95.353867104418	71.9129696746666	49.5413673604173
ERCC1	STS	ERCC1	37	0.17	45922357	71.58	95.91	49.37	50614197	95.4054169781807	71.9486671869383	49.5696630401213
rs1603	SNP	rs1603	171	0.39	45991636	72.46	97.25	49.55	50683476	95.5740788881885	72.0597171514194	49.6531976354811
D19S219	STS	AFM210YG9	536	0.83	45993737	72.46	97.25	49.55	50685416	95.578995532361	72.0633166638216	49.6553973669105
rs10403723	SNP	rs10403723	222	0.36	46191828	72.46	97.25	50.09	50883668	96.032002522743	72.377033409275	49.8757865713468
rs2041975	SNP	TSC1058872	226	0.42	46238555	72.63	97.35	50.09	50930395	96.147507386709	72.4568064745012	49.9353403585622
rs725660	SNP	TSC0057999	272	0.44	46262286	72.63	97.35	50.09	50954126	96.2067928495894	72.4962477131418	49.9649961200656
DM	STS	DM	336	0.8	46273386	72.63	97.35	50.09	50965225	96.2328864577162	72.5119514231747	49.9771124065257
D19S412	STS	AFM284YG5	921	0.82	47010982	73.59	98.63	50.53	51702821	97.7900018265366	73.4062752091	50.6082779674094
D19S562	STS	UT7938	62	0.67	47122677	73.59	98.68	50.53	51814196	97.9073058487829	73.505562766946	50.7140489756812
rs10425791	SNP	rs10425791	244	0.41	47215974	73.75	99.93	50.53	51907814	98.0341009859308	73.6004150656057	50.7972159807617
rs313852	SNP	rs313852	278	0.4	47287169	73.75	99.93	50.53	51979009	98.1415271797381	73.6790187244382	50.8648099385387
D19S540	STS	D19S540	107	0.74	47507079	73.75	99.93	50.53	52198919	98.4598890428803	73.9562494378976	51.0792997295756
D19S545	STS	UT1600	47	0.8	47520017	73.96	99.93	50.77	52211856	98.482732049298	73.9729710314624	51.0914060389479
rs889337	SNP	rs889337	346	0.45	48184547	74.58	99.93	51.15	52876359	99.9252228591372	75.375091566731	52.0123657969763
rs12461370	SNP	rs12461370	108	0.21	48241984	74.58	99.93	52.31	52933796	100.082074446601	75.5314429182639	52.12151326076
D19S902	STS	AFMB033ZD9	697	0.83	48332057	75.28	99.93	52.74	53023839	100.375417026029	75.7958313302626	52.3004156782023
D19S541	STS	UT910	51	0.76	48519590	75.57	100.01	52.74	53211402	100.943064838584	76.3279930906247	52.6886828594918
rs6509365	SNP	rs6509365	280	0.45	48743469	77.56	103.79	52.74	53435281	101.679067048696	76.971161475705	53.1743051949799
rs448784	SNP	rs448784	172	0.29	48764721	77.56	103.97	52.74	53456533	101.750668831356	77.0342308499507	53.2220695039755
rs10403090	SNP	rs10403090	269	0.48	48825103	77.56	104.03	52.74	53516915	101.963922868851	77.2185377017544	53.3590398327828
rs1236093	SNP	rs1236093	258	0.51	49104308	78.64	105.01	53.8	53796120	103.194909716072	78.1795892951872	54.0354893712331
D19S879	STS	AFMA283YH1	660	0.71	49515920	79.74	106.09	55.32	54207729	104.499260459234	79.2845365660739	55.0541275353216
HRC.A	STS	HRC.A	699	0.65	49650922	79.74	106.09	55.32	54342733	104.789715251064	79.5506084044511	55.3798230020342
rs254661	SNP	TSC0163140	202	0.33	49851941	79.74	106.09	55.32	54543753	105.100432250963	79.9311378025389	55.8683658614373
D19S550	STS	UT2523	310	0.42	49858037	79.74	106.09	55.77	54549848	105.108662521888	79.9426195787581	55.881994618156
rs919364	SNP	TSC0232801	195	0.45	49867913	79.74	106.09	55.77	54559725	105.122273566534	79.9596926991396	55.9038938081918
D19S604	STS	AFMB002VE1	102	0.7	49896763	79.74	106.09	55.77	54588574	105.162834061043	80.0051612639616	55.9673459547588
rs1654603	SNP	rs1654603	126	0.21	50262005	79.74	106.09	55.77	54953817	105.662791100433	80.5030365285809	56.4891647601028
rs1674139	SNP	rs1674139	230	0.48	50271502	80.99	107.29	56.73	54963314	105.677614800114	80.5097253623352	56.4937718715423
rs10404868	SNP	rs10404868	207	0.3	50271924	80.99	107.29	56.73	54963736	105.678273492466	80.51002258123	56.4939765889296
rs11672587	SNP	rs11672587	271	0.43	50352900	80.99	107.29	56.73	55044712	105.823641463998	80.6078762165276	56.573270574506
rs1469693	SNP	TSC0387542	272	0.34	50519249	81.42	107.29	57.4	55211061	106.194907995373	80.9661399775114	56.9250150743114
rs734910	SNP	TSC0027022	283	0.48	50524226	81.42	107.29	57.4	55216038	106.206795055696	80.9790653702767	56.9379133948482
D19S867	STS	AFMA115WG5	1029	0.8	50538682	81.42	107.37	57.4	55230306	106.241321747285	81.0166079617605	56.9753773533938
rs976282	SNP	TSC0288978	247	0.33	50568808	81.42	107.37	57.4	55260620	106.316359598807	81.0984564372107	57.0582661103196
rs648691	SNP	rs648691	262	0.5	50693096	81.6	107.81	57.4	55384908	106.666236674615	81.4779244388034	57.4372451530975
rs1551549	SNP	TSC0435316	270	0.49	50728556	81.6	107.81	57.4	55420368	106.771270983925	81.5882549753359	57.5519978893734
D19S866	STS	AFMA110YD1	135	0.76	50754674	81.6	107.81	57.4	55446401	106.849877068288	81.666991769386	57.6381117023464
D19S904	STS	AFMB040XC5	785	0.69	50776795	81.6	107.81	57.4	55468605	106.919435014390	81.7365687329623	57.7101811659834
rs1137895	SNP	rs1137895	178	0.28	50931964	81.6	107.81	57.4	55623776	107.475685877938	82.3396087137402	58.3308218333831
rs1673028	SNP	rs1673028	231	0.43	50953053	81.6	107.81	57.4	55644865	107.586906216773	82.4885204033446	58.490597546982
D19S246	STS	MFD232	1046	0.82	50955645	82.48	109.11	57.95	55647396	107.600576050253	82.5068227931903	58.5102352087795
D19S907	STS	AFMB059WG9	812	0.7	51061330	82.62	109.11	58.22	55753062	108.115671987227	83.1878341029818	59.241884593627
rs722035	SNP	rs722035	163	0.43	51230223	83.15	110.19	59.01	55922035	108.843071698387	84.1121434923873	60.2790072192314
rs722036	SNP	rs722036	150	0.4	51230490	83.15	110.19	59.01	55922302	108.844200901157	84.1136246707117	60.2807072876103
rs171953	SNP	rs171953	191	0.46	51315824	84.4	110.19	60.96	56007636	109.217341069847	84.6049331244307	60.8429289750422
rs952109	SNP	rs952109	227	0.5	51511870	86.23	110.41	63	56203682	110.012843866558	85.7473617101334	62.2430606244638
rs952108	SNP	rs952108	227	0.5	51511930	86.23	110.41	63	56203742	110.013036365249	85.7476473451435	62.2434291386975
D19S553	STS	UT6196	145	0.78	51549504	86.26	112.07	63	56241315	110.133585462255	85.926521509634	62.4742050356366
rs1880413	SNP	rs1880413	236	0.47	51560467	87.18	112.07	63.12	56252279	110.168758181435	85.9787117865624	62.5415387280341
rs2569484	SNP	rs2569484	171	0.34	51576274	87.18	112.07	63.12	56268086	110.225169349272	86.0570575526925	62.6377038277263
rs2691244	SNP	rs2691244	279	0.39	51585259	87.18	112.07	63.12	56277071	110.257244039105	86.1015959439706	62.6923643676567
rs897783	SNP	rs897783	240	0.45	52031162	87.18	112.07	64.4	56722974	112.182526309217	88.304641764268	65.2005621370732
rs3752	SNP	rs3752	32	0.45	52088440	87.18	112.07	64.4	56780252	112.472839457015	88.50572939996	65.3809171327069
rs17878694	SNP	rs17878694	253	0.41	52103878	87.18	112.07	64.4	56795690	112.554548378438	88.5614227764688	65.4265829514569
rs7255626	SNP	rs7255626	292	0.51	52110384	87.18	112.07	64.4	56802196	112.589136416753	88.585108902516	65.4457483937571
D19S402	STS	UT2003	64	0.64	52169816	90.26	115.87	66.61	56861593	112.866382907748	88.7891957152711	65.6199092491216
D19S397	STS	UT963	370	0.65	52453372	90.26	115.87	66.61	57144911	113.915818862774	89.6256689816147	66.3818229667579
rs1017379	SNP	TSC0220457	144	0.29	52457306	90.26	115.87	66.61	57149118	113.928794660518	89.6371598272767	66.3923145711935
D19S206	STS	D19S206	61	0.62	52551347	90.26	115.87	66.61	57243158	114.172616793464	89.895815384188	66.6252219184952
rs3450	SNP	WIAF-1940	55	0.28	52552999	90.26	115.87	66.61	57244811	114.177485611555	89.900645515963	66.6295109189649
D19S601	STS	D19S601	997	0.78	52593841	90.26	115.87	66.61	57285644	114.311297709406	90.0299377442158	66.7375913121774
rs1147	SNP	WIAF-1689	21	0.09	52617369	90.26	115.87	66.61	57309181	114.393093318759	90.10788092283	66.800569972608
rs324091	SNP	rs324091	164	0.26	52905067	90.26	115.87	66.61	57596879	114.999977414460	90.8844913748445	67.4776322516218
rs10424979	SNP	rs10424979	66	0.12	53144356	91.36	116.27	68.01	57836168	115.264896240669	91.3655540675984	68.1411990496649
rs1559239	SNP	TSC0447449	138	0.17	53289975	91.36	116.27	68.01	57981787	115.560684809253	91.7835154200627	68.675481252502
D19S571	STS	AFM347ZE1	148	0.83	53296972	91.36	116.27	68.01	57988748	115.586028922385	91.8090681691789	68.7055492896855
rs3815	SNP	WIAF-2639	28	0.16	53297177	91.74	116.27	68.42	57988989	115.586771461072	91.8098168205393	68.706430231178
rs2013647	SNP	TSC0088549	93	0.1	53330669	92.06	116.27	68.95	58022481	115.707903944568	91.93376511758	68.8464951467207
rs723864	SNP	rs723864	240	0.5	53420358	92.06	116.27	68.95	58112170	115.980102557879	92.2842542752097	69.2309578179598
rs3814	SNP	WIAF-2637	102	0.39	53611187	92.85	118	69.71	58302999	116.719775348603	93.0994519856715	70.1473684708996
rs1045764	SNP	rs1045764	213	0.45	53611473	92.85	118	69.71	58303285	116.720987950357	93.1007844788416	70.14888383662
D19S888	STS	AFMA341XD9	1076	0.83	53658513	92.85	118	69.71	58350148	116.936581145369	93.3276659019151	70.4021060030201
D19S180	STS	D19S180	1110	0.76	53749702	93.7	118.82	70.58	58441448	117.410161436019	93.7812813645017	70.9086868441092
rs2965234	SNP	rs2965234	237	0.46	53752719	93.7	118.82	70.58	58444531	117.426089173691	93.7968295341584	70.9257094656385
rs1469440	SNP	rs1469440	159	0.33	53759521	93.7	118.82	71.2	58451333	117.461999174236	93.831883776785	70.964087944804
rs2052857	SNP	TSC1077648	379	0.51	53812159	94.66	119.2	71.4	58503971	117.738541668855	94.1088263267594	71.2822024136654
rs1284536	SNP	rs1284536	273	0.49	54010277	94.93	119.73	71.4	58702089	118.700859748304	95.2122231119958	72.578140398494
rs8109631	SNP	rs8109631	247	0.46	54080144	95.16	119.73	72.78	58771956	119.051606848131	95.594517557485	73.0160866755731
rs1351	SNP	WIAF-3280	25	0.15	54080279	95.23	119.89	72.78	58772091	119.052285339805	95.5952664282745	73.016942024677
D19S572	STS	AFMA083WB5	156	0.86	54105482	95.31	120.05	72.78	58797162	119.178952196668	95.735072283889	73.1766261984786
D19S924	STS	AFMB350WE1	775	0.78	54193315	95.79	120.76	72.78	58885008	119.609688380153	96.239692292185	73.7494423703975
rs2116849	SNP	TSC1120331	103	0.16	54208854	95.79	120.76	72.78	58900666	119.684941823832	96.3298797690078	73.8510928742612
rs186260	SNP	SS246730	363	0.45	54253212	95.79	120.76	72.78	58945024	119.905544163722	96.5848196135682	74.1443363700477
D19S927	STS	AFMC002YG9	821	0.72	54298336	96.73	121.27	74.24	58990106	120.117468997116	96.8477662395472	74.4469897058263
rs950798	SNP	rs950798	196	0.42	54489487	97.78	122.38	74.57	59181299	121.054050674969	97.9956550954557	75.7060520187099
rs4806480	SNP	rs4806480	278	0.46	54492973	97.86	122.38	75.74	59184785	121.073059289639	98.0174451235537	75.7283981463106
rs158194	SNP	rs158194	143	0.28	54496975	97.86	122.38	75.74	59188787	121.094881571885	98.0424605258625	75.7540519623342
rs628604	SNP	rs628604	233	0.48	54531624	98.87	122.58	76.84	59223436	121.283954512595	98.2592051610843	75.9765055734131
rs36633	SNP	rs36633	237	0.41	54646290	98.87	122.58	76.84	59338102	121.957101450748	98.9579521822968	76.6776709264929
rs10405357	SNP	rs10405357	337	0.52	54759666	98.87	122.58	76.92	59451478	122.585407960772	99.5717190668373	77.3057609507508
rs8111811	SNP	rs8111811	184	0.34	55010626	100.79	125.27	78.16	59702438	123.484994092858	100.643044377471	78.646478318949
rs1000321	SNP	rs1000321	303	0.51	55046487	100.79	125.27	78.16	59738299	123.600035573831	100.774708385251	78.8258669421846
rs12461739	SNP	rs12461739	103	0.16	55078668	100.79	125.27	78.16	59770480	123.693908017271	100.893678614760	78.996571864379
rs272411	SNP	rs272411	128	0.42	55111727	101.1	125.27	78.93	59803539	123.781660012614	101.016652567804	79.1809506546329
rs1671160	SNP	rs1671160	185	0.35	55428459	101.1	125.27	78.93	60120271	124.260830451592	102.191523499178	81.1496008637611
rs634742	SNP	SS807403	243	0.47	55434818	101.23	125.27	79.22	60126630	124.269855268747	102.212169148422	81.1809567905615
D19S926	STS	AFMC001YB1	145	0.9	55488836	102.74	125.27	82.19	60180430	124.346628009325	102.387797795970	81.4466689576843
D19S418	STS	AFM319VB5	693	0.58	55546046	102.74	125.27	82.19	60237645	124.426370127705	102.581470049349	81.7409857856247
rs1189	SNP	WIAF-2101	50	0.18	55556154	102.74	125.27	82.19	60247966	124.439349820867	102.615469446595	81.7965225691655
rs1654469	SNP	rs1654469	293	0.47	55588651	102.74	125.27	82.19	60280463	124.481079251880	102.724776768748	81.9750721194945
rs962197	SNP	rs962197	75	0.43	55600026	102.74	125.27	82.19	60291838	124.493510393383	102.762528732476	82.0404065218537
rs10401558	SNP	rs10401558	303	0.45	55602036	102.74	125.27	82.19	60293848	124.495529522198	102.769158090064	82.0521827328392
rs7259963	SNP	rs7259963	73	0.13	55614760	102.74	125.27	82.19	60306572	124.508311310774	102.811124232324	82.1267302495453
D19S880	STS	AFM186YE7	794	0.69	55682477	102.74	125.27	82.19	60374288	124.563958883480	103.030671185932	82.531314995027
D19S605	STS	AFMB005WH1	775	0.62	55751836	103.71	126.04	83.31	60443624	124.609766071633	103.261473438698	82.9242270028392
D19S877	STS	AFMA246YB1	148	0.86	55849751	103.71	126.04	83.31	60541564	124.687872376248	103.585770148278	83.4789962288177
D19S1168	STS	D19S1168	25	0.27	55877189	103.71	126.06	83.31	60569001	124.713275255740	103.678350677662	83.630309950256
rs721781	SNP	rs721781	176	0.42	56004080	103.71	126.09	83.31	60695892	124.851931107015	104.115930159049	84.363624754488
D19S891	STS	AFMA357YH1	120	0.64	56033481	103.71	126.09	83.31	60725260	124.883120704956	104.218839437296	84.5393908224462
rs636806	SNP	rs636806	227	0.53	56168448	103.8	126.23	83.31	60860260	125.047466524738	104.673270117626	85.273177533369
rs10410802	SNP	rs10410802	89	0.16	56201817	103.9	126.23	83.31	60893629	125.079165067811	104.786887675893	85.4793452514292
rs17886456	SNP	rs17886456	207	0.42	56221521	105.14	126.23	84.97	60913333	125.095991518851	104.854423124297	85.6049888746861
rs1363758	SNP	rs1363758	42	0.18	56329747	105.94	126.23	87.81	61021559	125.169547590963	105.239600873669	86.3123262145302
rs306450	SNP	rs306450	288	0.45	56501050	105.94	126.23	87.81	61192862	125.231717011878	105.873249292932	87.5548852442172
rs12462795	SNP	rs12462795	167	0.27	56569629	105.94	126.23	87.81	61261441	125.254534785277	106.159269992507	88.0914648634246
rs389842	SNP	rs389842	229	0.47	56576656	105.94	126.23	87.81	61268468	125.2568510027	106.188501713353	88.1480855987368
rs8103698	SNP	rs8103698	211	0.38	56601298	105.94	126.24	87.81	61293110	125.265003636133	106.289312792958	88.3462212037073
D19S210	STS	AFM119XH6	156	0.73	57019539	107.84	126.36	91.09	61711332	125.39389067086	107.616569545182	91.3135938838507
rs17144	SNP	WIAF-3024	85	0.44	57030405	107.84	126.5	91.09	61722217	125.396451055824	107.644072412199	91.377173266038
rs2159162	SNP	TSC1189946	324	0.39	57060087	107.84	126.65	91.09	61751899	125.403507463230	107.7203196001	91.5406470305438
rs2052238	SNP	TSC1076814	317	0.47	57115652	107.84	126.65	91.09	61807464	125.419143981813	107.854964388267	91.8343684850458
rs1035116	SNP	rs1035116	220	0.44	57131436	107.84	126.65	91.09	61823248	125.423934136169	107.892199677508	91.915852764791
D19S544	STS	UT1342	129	0.71	57191288	107.84	126.65	91.09	61883099	125.445929914278	108.036890847437	92.1992790707985
D19S573	STS	AFMA054YF1	470	0.45	57205252	108.43	126.65	92.42	61897021	125.453579738627	108.070672714861	92.2648676518355
D19S725	STS	UT1558	22	0.52	57428066	108.43	126.65	93.31	62119823	125.594853059680	108.574154935662	93.124988965448
rs1368467	SNP	rs1368467	118	0.27	57436396	108.43	126.65	93.39	62128208	125.600770882162	108.590774943454	93.1510937970555
D19S404	STS	AFM161XF6	523	0.74	57533027	108.7	126.65	93.39	62224834	125.679855853165	108.772222344926	93.35179487152
D19S887	STS	AFMA310XF9	714	0.75	57633856	108.8	126.65	93.64	62325641	125.774736788349	108.938427747562	93.5715108712597
D19S254	STS	MFD238	938	0.76	57666950	108.8	126.65	93.64	62358751	125.813137046449	108.987629462693	93.6123407873195
D19S214	STS	AFM163XF8	713	0.64	57782086	108.8	126.65	93.64	62473811	125.943190423141	109.167990496755	93.7400396858843
D19S218	STS	AFM207WC3	110	0.61	58201708	110.01	127.83	93.64	62893502	126.311364360106	109.815871800311	94.4680994865715
D19S1012	STS	D19S1012	80	0.52	58315252	110.01	127.83	93.64	63007064	126.398313879225	109.985809583009	94.6763395334863
rs964795	SNP	rs964795	193	0.51	58337365	110.01	127.83	93.64	63029177	126.414142698683	110.018672132527	94.7172608510202
rs1035522	SNP	rs1035522	272	0.42	58510932	110.01	127.83	93.64	63202744	126.538390928623	110.272901723836	95.0462956183958
rs260462	SNP	rs260462	224	0.59	58774071	110.01	127.83	93.64	63465883	126.694221558663	110.645239798751	95.5912605269973
rs3830	SNP	WIAF-2662	133	0.47	58866434	110.83	127.83	95.86	63558246	126.738221163816	110.775049892148	95.8021761075366
rs893179	SNP	rs893179	242	0.46	58899056	110.83	127.83	95.86	63590868	126.752480545980	110.820892616404	95.8785660235285
rs734379	SNP	rs734379	242	0.45	58899182	110.83	127.83	95.86	63590994	126.752534927072	110.82106524983	95.878862473471
rs1529958	SNP	rs1529958	242	0.45	58899466	110.83	127.83	95.86	63591278	126.752657500326	110.821454360091	95.8795306622306
rs1051500	SNP	rs1051500	245	0.41	58944402	110.83	127.83	95.86	63636214	126.771928599541	110.883018125651	95.9871800542542
rs1465789	SNP	TSC0381119	245	0.41	58946056	110.83	127.83	95.86	63637868	126.772622231039	110.885283732623	95.9913878766913
rs893186	SNP	rs893186	227	0.43	58969179	110.83	127.83	95.86	63660991	126.782319232937	110.916957027667	96.0502134378833
D19S890	STS	AFMA351XE5	120	0.8	59035666	111.12	127.83	96.47	63727428	126.811266940691	111.010004769183	96.2214401236618
rs895374	SNP	rs895374	243	0.48	59066918	111.12	127.83	96.47	63758730	126.868854789087	111.059584826360	96.2777722248254
rs3499	SNP	rs3499	251	0.51	59093484	111.12	127.83	96.47	63785296	126.924511190086	111.102571574021	96.3219041761192
