Markers_name	Type	Alias	Informative_meioses	Heterozygosity	Build37_map_physical_position	Sex.averaged_map_position	Female_map_position	Male_map_position	Build36_map_physical_position	Female_map_position_smoothed	Sex.averaged_map_position_smoothed	Male_map_position_smoothed
D20S1155	STS	D20S1155	1104	0.86	83173	0	0	0	30753	0	0	0
rs1342137	SNP	TSC0841083	272	0.47	125121	0	0	0	73121	0.0840382151678148	0.0766082978729734	0.0710538512706401
rs735669	SNP	rs735669	214	0.5	128713	0	0	0	76713	0.0912343930280892	0.0831682531976544	0.077138180291431
D20S1157	STS	D20S1157	347	0.52	131870	0	0	0	79508	0.09755909611965	0.0889337818613565	0.0824856821618757
rs1434789	SNP	rs1434789	193	0.44	137900	0	0	0.44	85900	0.109639539465267	0.108758018325900	0.114620811981744
rs1865432	SNP	TSC0860065	302	0.43	146951	0	0	0.44	94951	0.127772224825329	0.160909902101235	0.218569441981259
rs1858597	SNP	rs1858597	199	0.47	147685	0	0	0.44	95685	0.129242713285641	0.165139211867128	0.226999261274116
rs751596	SNP	rs751596	206	0.52	151330	0	0	0.44	99330	0.136545070830379	0.186141710636445	0.268861238552674
rs722829	SNP	rs722829	147	0.47	169701	0	0	0.44	117701	0.173349353533915	0.291995456834288	0.479847900990095
rs1469781	SNP	rs1469781	176	0.53	170642	0	0	0.44	118642	0.175234543780719	0.297417501098192	0.490655067140747
D20S864	STS	AFMA343XC9	400	0.49	198257	0	0	0.44	146210	0.230558166166988	0.456935953312005	0.806274230622746
rs1418259	SNP	rs1418259	368	0.55	219011	0.21	0	0.44	167011	0.272136527890856	0.577343404242579	1.04148209541638
rs1978761	SNP	rs1978761	265	0.54	222836	0.21	0	0.44	170836	0.279799495684718	0.599534716751466	1.08483133329032
rs371791	SNP	rs371791	301	0.55	227967	0.21	0	0.44	175967	0.290078891174993	0.629302984590185	1.14298164427886
D20S1156	STS	D20S1156	655	0.7	228099	0.21	0	0.44	176098	0.290343338691016	0.630068802433629	1.14447761797804
rs1774116	SNP	rs1774116	265	0.52	233623	0.21	0	0.44	181623	0.301410066558543	0.662117118851692	1.20708185066186
rs434609	SNP	rs434609	305	0.55	236992	0.21	0	0.44	184992	0.308159488387959	0.6816628788105	1.24526317939318
rs374235	SNP	rs374235	377	0.51	241234	0.21	0	0.44	189234	0.316657869925622	0.706209959946915	1.29326725044192
rs6082267	SNP	rs6082267	218	0.44	269006	1.36	0	2.75	217006	0.372296024584737	0.864377492232732	1.60470314839025
rs742605	SNP	rs742605	220	0.45	353085	2.17	0	4.48	301085	0.540739075340308	1.33380548335637	2.53973601607599
D20S103	STS	AFM077XD3	983	0.68	559258	2.17	0	4.48	507245	0.89871438644867	2.47128585676408	4.7766819679217
rs282161	SNP	rs282161	114	0.27	601035	2.62	0	5.42	549035	0.90171729966065	2.69667033111688	5.22643646240784
rs6076869	SNP	rs6076869	270	0.48	626164	2.62	0	5.42	574164	0.903603207645754	2.83282524427002	5.49560888627062
D20S105	STS	AFM123XH12	387	0.7	652887	2.62	0	5.42	600862	0.905641568774546	2.97785810423302	5.78129663964636
D20S117	STS	AFM248YC5	857	0.86	655113	2.62	0	5.42	603091	0.905811362280989	2.98993920090172	5.80509415261326
rs986031	SNP	TSC0304154	199	0.37	1069432	4.71	0	9.4	1017432	0.938977261258348	5.04755490340452	9.93576782817722
D20S199	STS	AFMA131WF1	376	0.86	1094062	4.99	0	10.16	1041987	0.941476978555483	5.14777500503538	10.1359308997662
rs6032877	SNP	rs6032877	110	0.24	1094698	4.99	0	10.16	1042698	0.94154290134155	5.15022279280515	10.1408315414502
rs1217	SNP	WIAF-2129	44	0.48	1162615	4.99	0	10.16	1110615	0.949350547413643	5.39090482416926	10.6171632196502
rs1923876	SNP	rs1923876	47	0.08	1228093	5.65	0.17	11.43	1176093	0.95924107686325	5.55759848290778	10.9591262977160
rs1884391	SNP	TSC0899973	251	0.53	1416066	5.65	0.17	11.43	1364066	0.994376460076968	5.887698999665	11.6322329604555
rs976192	SNP	TSC0288836	232	0.46	1496473	5.65	0.17	11.43	1444473	1.01373223520886	6.01605702937843	11.8887120930757
rs975410	SNP	TSC0287593	226	0.31	1498697	5.65	0.17	11.43	1446697	1.01430777999713	6.01927123259178	11.8964211447487
D20S906	STS	AFM338TD9	853	0.78	1505576	5.65	0.17	11.43	1453566	1.01670655547390	6.03289321288224	11.9223220081405
D20S151	STS	D20S151	22	0.31	1772205	5.65	0.17	11.43	1720186	1.20652360702903	6.70985636934803	13.1339950058150
rs17174	SNP	WIAF-3188	107	0.55	1784980	5.65	0.17	11.43	1732980	1.22020179902446	6.74847217397167	13.1986413395303
D20S57	STS	IP20M7	115	0.68	1830992	5.65	0.17	11.43	1778991	1.27052816404783	6.88729173934136	13.4345965078579
D20S179	STS	AFM240WB8	382	0.32	1977335	6.98	0.17	13.67	1925133	1.43897869220098	7.32793320918184	14.2007588781715
D20S113	STS	AFM205TH8	809	0.46	2035560	6.98	0.85	13.67	1983487	1.50454012106261	7.50100995316368	14.4940549151295
rs214835	SNP	rs214835	168	0.39	2323203	8.84	0.85	16.95	2271203	1.84157608203746	8.26572319334186	15.7948098128354
rs2422764	SNP	rs2422764	196	0.42	2368068	8.84	1.56	16.95	2316068	1.88628534187329	8.3948156345399	16.0259938841870
D20S198	STS	AFM333XE5	149	0.67	2641693	8.84	1.56	16.95	2589578	2.15002589569128	9.0806819288189	17.2193136043134
D20S842	STS	AFMA175VB1	386	0.85	2686342	8.84	1.56	16.95	2634203	2.20164357955719	9.20937438085202	17.4355751974770
rs600832	SNP	rs600832	252	0.48	2874086	9.62	1.56	18.31	2822086	2.39132527743255	9.68668046594723	18.2350548197853
rs1034063	SNP	rs1034063	227	0.53	3031832	9.62	1.56	18.31	2979832	2.50267645328913	9.94976758062496	18.6736522265382
D20S181	STS	AFM240ZF4	679	0.71	3172513	9.62	1.56	18.31	3120511	2.57951249190143	10.0681948685019	18.8221376926264
D20S596E	STS	D20S596E	80	0.41	3231093	9.62	1.56	18.31	3179093	2.60331808118033	10.1153627257757	18.8826710618238
D20S193	STS	AFM308WE1	762	0.72	3313494	9.62	1.56	18.31	3261327	2.62764163107457	10.1821983190208	18.9608597931939
D20S473	STS	ATA21E04	529	0.62	3465441	9.62	1.56	18.31	3413441	2.6649439168472	10.3442754123965	19.2493331046521
rs487377	SNP	rs487377	183	0.36	3658931	9.87	2.23	18.68	3606931	2.73600816147247	10.6245373098038	19.6642142030273
D20S867	STS	AFMB026XH5	71	0.57	3676718	10.72	2.23	18.74	3624717	2.74756005816113	10.6560810314993	19.7104093074792
rs3516	SNP	WIAF-2006	12	0.04	3786681	10.76	2.23	19.19	3734681	2.83188624318805	10.8404379055309	19.9886323142735
rs241605	SNP	TSC0191256	230	0.41	3915064	10.81	2.23	20.09	3863064	2.96369301041087	11.0699781889335	20.3480181892707
rs241610	SNP	TSC0191251	341	0.45	3917072	10.81	2.23	20.09	3865072	2.9668809586624	11.0743332836207	20.3540744139369
rs241623	SNP	rs241623	320	0.45	3921964	10.81	2.23	20.09	3869964	2.97464761346644	11.0849434047412	20.3688289214404
D20S889	STS	AFM234TF10	156	0.87	3946982	10.81	2.23	20.09	3894952	3.01436678147286	11.1392042408395	20.4442844138201
rs17878755	SNP	rs17878755	239	0.45	4045179	10.81	2.23	20.09	3993179	3.16588470732578	11.3610833451026	20.7347258338165
D20S116	STS	AFM248TD1	139	0.78	4053387	10.81	2.23	20.09	4001190	3.17812722728372	11.3798217504034	20.7595083563186
rs297675	SNP	TSC0302680	228	0.26	4443590	11.78	2.23	22.01	4391590	4.03189242854566	12.4169684620284	22.1043567728965
rs1031825	SNP	TSC0334834	320	0.44	4447483	12.13	2.79	22.01	4395483	4.04229056543898	12.4287622915861	22.1187883399272
rs297745	SNP	TSC0700293	313	0.46	4473609	12.13	2.79	22.01	4421609	4.11207266779575	12.5079109150189	22.2156388717134
D20S482	STS	GATA51D03	875	0.74	4506279	12.13	2.83	22.01	4454279	4.20109339982794	12.6073848906545	22.3369450913202
D20S97	STS	AFM036YA3	739	0.54	4524215	12.13	2.83	22.01	4472152	4.25123730259249	12.6623580115907	22.4036849271545
D20S437	STS	UT235	75	0.68	4530767	12.24	2.83	22.18	4478767	4.26955481212156	12.6824396289176	22.4280649117879
rs6052829	SNP	rs6052829	187	0.32	4729692	13.5	4.99	22.67	4677692	4.90931330749275	13.3374163437847	23.170543732834
rs2255133	SNP	rs2255133	232	0.49	4767218	13.5	4.99	22.67	4715218	5.04406464287967	13.4741763543224	23.315477177236
rs1535382	SNP	rs1535382	238	0.43	4781198	13.5	4.99	22.67	4729198	5.09677506876944	13.5263181356415	23.36979342935
rs1131382	SNP	rs1131382	196	0.51	4834338	13.5	4.99	22.67	4782338	5.27044288070131	13.7219794094236	23.5845909903190
rs1776964	SNP	rs1776964	229	0.51	4880308	13.5	4.99	22.67	4828308	5.40068530274029	13.8870379708647	23.7727602302294
D20S895	STS	AFMB352XD9	595	0.76	5086634	14.27	4.99	24.63	5034622	6.08794627478463	14.6546126023263	24.6704528151006
rs1040759	SNP	rs1040759	264	0.46	5160829	14.27	4.99	24.63	5108829	6.34386531367639	14.9779642933895	25.0584625933157
D20S849	STS	AFMA217ZH9	379	0.77	5194094	14.27	4.99	24.63	5142033	6.46298722769131	15.1361271302666	25.2530684419859
rs2038410	SNP	rs2038410	243	0.55	5249302	15.68	6.1	24.63	5197302	6.66563564312253	15.3938448608023	25.5680014915615
D20S835	STS	AFMA130YA9	128	0.64	5314896	16	6.1	27.05	5262857	6.92267574427473	15.718098293111	25.9646848226939
D20S873	STS	AFMB058XA9	105	0.63	5596841	16.05	6.1	27.05	5544746	7.98325658370352	17.3070516784217	27.9534049584325
D20S882	STS	AFMB290WH5	816	0.71	5635184	16.17	6.27	27.05	5583097	8.21473444159613	17.5321927304566	28.2345324110760
rs906935	SNP	TSC0186559	240	0.51	5710065	17.72	7.64	27.08	5658065	8.62674483677626	18.0004295950960	28.7230412298839
rs237094	SNP	TSC1147430	327	0.39	5820000	18.68	8.14	29.69	5768000	9.12659592356935	18.5434740581187	29.256152015121
D20S916	STS	AFMA085ZH9	760	0.75	5862106	18.68	8.14	29.69	5810053	9.30818379017441	18.7188805684969	29.432890120178
D20S905	STS	AFM303ZD5	458	0.74	5863629	18.68	8.14	29.69	5811609	9.31470587034719	18.7253779793837	29.4392297705579
rs742711	SNP	TSC0112547	251	0.36	5904040	19.48	9.77	29.69	5852040	9.48776153801766	18.8977790767865	29.607444879882
D20S732	STS	D20S732	140	0.47	5905726	19.48	9.77	29.69	5853726	9.49498164778215	18.9049718770197	29.6144630351942
rs236181	SNP	TSC0843163	114	0.14	5927218	19.48	9.77	29.69	5875218	9.59980035603837	18.9929438906733	29.6967193834245
D20S194	STS	AFM317TE5	963	0.94	6142717	19.48	9.77	29.69	6090695	10.5609820935935	19.861230303896	30.4330132406538
rs237690	SNP	rs237690	243	0.49	6282430	19.59	10.3	29.69	6230430	10.9660386349591	20.1122990171729	30.5251698066195
D20S165	STS	UT1711	10	0.42	6544883	19.59	10.42	29.69	6492637	11.5636199376172	20.4274314005962	30.6580185986558
rs723131	SNP	rs723131	241	0.53	6581919	19.59	10.99	29.69	6529919	11.6967993860688	20.5142614514195	30.7082239203214
D20S444	STS	UT244	33	0.9	6636898	20.41	11.12	30.26	6584897	11.8943726877577	20.6718717049279	30.7711521331327
D20S192	STS	AFM299XD1	134	0.67	6697019	20.48	11.17	30.27	6645007	12.1250146663518	20.8128316745718	30.8502465208190
D20S156	STS	UT970	75	0.52	6701156	20.48	11.17	30.27	6648993	12.1427960822413	20.8209796904607	30.8571281784222
D20S892	STS	AFMB344XB1	504	0.81	6750125	20.48	11.17	30.27	6698073	12.3533104399568	20.9184407226839	30.9384919153609
D20S846	STS	AFMA196WF5	569	0.72	6764978	20.48	11.17	30.27	6712932	12.4177436632526	20.9632688772633	30.9617659001738
D20S59	STS	IP20M17	839	0.73	6791353	20.48	11.17	30.27	6739352	12.5321600279214	21.0428718246161	31.0030943422015
rs723511	SNP	rs723511	218	0.48	6838358	20.48	11.17	30.62	6786358	12.7246360036512	21.1837822492040	31.0839391182846
D20S448	STS	UT250	71	0.77	7162524	20.48	11.21	30.62	7110524	13.9001288871424	22.0688115881356	31.6759061173858
rs720010	SNP	rs720010	253	0.47	7226248	22.59	14.15	30.62	7174248	14.1664767902143	22.2904561844910	31.8402352968686
rs724084	SNP	rs724084	223	0.48	7275683	22.59	14.15	31.73	7223683	14.3299112965318	22.4628417522661	31.9174408055134
rs721708	SNP	TSC0049522	250	0.47	7307816	22.59	14.15	31.73	7255816	14.4342753385303	22.5542279265569	31.9963254608357
D20S602	STS	D20S602	605	0.65	7326122	22.59	14.15	31.74	7274122	14.4937309807930	22.6062901462864	32.0412656313871
D20S485	STS	GATA68B09	76	0.48	7326242	22.59	14.15	31.74	7274242	14.4941207260716	22.6066314259962	32.0415602244422
rs980197	SNP	TSC0295045	26	0.03	7341945	22.59	14.15	31.74	7289945	14.5306984231966	22.6480756131460	32.0800219459979
D20S900	STS	AFMC017ZE1	139	0.59	7361698	22.59	14.15	31.74	7309582	14.5763752347756	22.7001341613500	32.1284013786859
rs6055012	SNP	rs6055012	282	0.43	7442754	22.59	14.15	31.74	7390754	14.7523936298126	22.9126267046963	32.3269122713394
D20S115	STS	AFM218YG3	453	0.68	7659962	22.59	14.15	31.74	7607866	15.3626762543224	23.5043873656850	32.9143950142572
rs717432	SNP	rs717432	143	0.4	7838025	23.34	14.15	33.28	7786025	15.7619344854935	23.9403592589772	33.4096073001691
D20S907	STS	AFM345TD1	136	0.63	8057228	23.34	14.15	33.28	8005227	15.8733288895376	24.3266461910428	34.1038718828407
rs764443	SNP	TSC0067018	378	0.44	8562388	25.38	16.1	35.1	8510388	16.7679411738083	25.5400243083768	35.5670384117471
D20S879	STS	AFMB281YF1	566	0.49	8564923	25.38	16.1	35.1	8512857	16.7708874010520	25.5457454226183	35.5754078281651
rs1855	SNP	WIAF-3819	21	0.07	8571315	25.38	16.1	35.1	8519315	16.7783163101412	25.560171206536	35.5965113034093
rs1535067	SNP	TSC0409294	212	0.38	8607333	25.38	16.1	35.1	8555333	16.8357237863877	25.6449275252622	35.7092181122969
rs1033566	SNP	TSC0337205	351	0.47	8659242	25.38	16.1	35.1	8607242	16.9300228476606	25.7751230778107	35.8700129086164
D20S177	STS	AFM238ZC11	643	0.57	8795161	25.38	16.1	35.99	8743007	17.1865998764844	26.1321021817083	36.3107494606484
D20S851	STS	AFMA218YB5	116	0.72	8861944	26.32	17.11	35.99	8809808	17.2469976866084	26.2627977807817	36.5513969880247
rs724089	SNP	rs724089	143	0.4	9053556	26.32	17.15	35.99	9001556	17.407682835361	26.6371237013959	37.1329986816968
D20S175	STS	AFM234ZB12	820	0.65	9195136	26.32	17.15	35.99	9143083	17.6494116547746	26.9415061206730	37.5200336159222
D20S917	STS	AFMA086WE9	895	0.85	9288084	26.5	17.15	36.3	9236052	17.8929847006302	27.1640960924917	37.7305850751971
rs16812	SNP	rs16812	49	0.23	9326676	27.17	17.15	37.93	9274676	17.9728028045641	27.2540657456273	37.8220667000403
rs16811	SNP	WIAF-3220	86	0.38	9326708	27.17	17.15	37.93	9274708	17.9728873804940	27.2541455360535	37.8221364222869
rs1883491	SNP	rs1883491	322	0.51	9428518	27.17	17.15	37.93	9376518	18.3227158365395	27.5323774582144	38.0241461187664
rs2206388	SNP	rs2206388	246	0.4	9452584	27.17	17.15	37.93	9400584	18.4037842208055	27.5961870210215	38.0671284197872
rs8117167	SNP	rs8117167	207	0.33	9497698	27.17	17.15	37.93	9445698	18.5688569868960	27.7226701803128	38.1512901675380
rs6039485	SNP	rs6039485	193	0.35	9500584	27.17	17.15	37.93	9448584	18.5805522138270	27.7313564096125	38.1569849425275
rs725565	SNP	rs725565	189	0.42	10005010	28.88	20.17	37.93	9953010	21.8290841575980	29.6485881530337	38.716228502395
D20S162	STS	UT1689	713	0.79	10037051	28.88	20.17	37.93	9984930	22.059076972843	29.7706134335323	38.7378640383596
D20S901	STS	AFMC020VE9	96	0.59	10041532	28.88	20.17	37.93	9989399	22.0912419428849	29.7876789209363	38.7408898127317
rs674630	SNP	rs674630	267	0.52	10045078	28.88	20.17	38.23	9993078	22.1166954094702	29.8011835445326	38.7432842327102
rs1889188	SNP	rs1889188	261	0.46	10179531	30.05	22.89	38.23	10127531	22.9951570633488	30.3002687208029	38.8623388147868
rs362990	SNP	rs362990	151	0.37	10276221	30.38	22.91	38.23	10224221	23.5929447914170	30.6546069259786	38.9838790165262
rs362987	SNP	rs362987	240	0.53	10277452	30.38	22.91	38.41	10225452	23.6002317042844	30.6586142599510	38.9854878511492
rs8636	SNP	rs8636	272	0.49	10287742	30.74	23.62	38.47	10235742	23.6611434292282	30.6921117957556	38.998936192555
rs362602	SNP	rs362602	288	0.51	10293528	30.74	23.62	38.47	10241528	23.6953936955572	30.7109472420302	39.0064981073629
rs362559	SNP	rs362559	198	0.43	10327496	30.74	23.62	38.47	10275496	23.8812094092609	30.8151925782006	39.0503913113321
rs1547	SNP	WIAF-3511	62	0.17	10386059	30.74	23.62	38.47	10334059	24.1193705762756	30.9596378567104	39.117408844997
rs2026316	SNP	rs2026316	272	0.54	10422353	30.74	23.62	38.47	10370353	24.2478416595745	31.0391591662905	39.1478006676105
D20S160	STS	UT2012	60	0.68	10498912	30.74	23.62	39.14	10446740	24.5934352009825	31.2430850957877	39.2394201589382
rs973542	SNP	rs973542	222	0.44	10692559	31.28	23.99	39.17	10640559	24.9508135295463	31.5542177537231	39.4764482644937
D20S894	STS	AFMB348YB5	929	0.86	10699962	31.28	23.99	39.17	10647879	24.9644646410462	31.567787466298	39.4908223612307
rs763383	SNP	rs763383	194	0.53	10897878	31.28	23.99	39.17	10845878	25.2634693168169	31.9167300268455	39.8348921993368
rs913222	SNP	TSC0196168	428	0.49	10999048	31.28	23.99	39.17	10947048	25.4615689059461	32.1265097873259	40.0488701913992
rs1028846	SNP	rs1028846	234	0.52	11012899	31.28	23.99	39.17	10960899	25.5169860184755	32.1757959010017	40.0875776361695
rs742920	SNP	TSC0113282	291	0.44	11017796	31.42	24.31	39.17	10965796	25.5373838543304	32.1938811963409	40.1016730683518
rs1327242	SNP	TSC0812170	390	0.41	11026093	31.42	24.31	39.17	10974093	25.5719439613525	32.2245231598756	40.1255549962295
D20S188	STS	AFM288ZF5	735	0.64	11041679	31.42	24.31	39.17	10989672	25.6368654785331	32.2820844041388	40.1704174438493
rs2423539	SNP	rs2423539	258	0.53	11054738	31.42	24.31	39.17	11002738	25.6900072868732	32.3291289090181	40.2072401356117
rs6108835	SNP	rs6108835	233	0.41	11116765	31.42	24.31	39.17	11064765	25.8952380842734	32.5052004255248	40.3519740293597
rs6078084	SNP	rs6078084	252	0.45	11151237	32.81	25.48	40.31	11099237	26.0010327831525	32.5880595628704	40.423950024569
rs2064525	SNP	TSC1101248	220	0.44	11158078	32.84	25.48	40.31	11106078	26.0220278381256	32.6045030346324	40.4382337267977
D20S189	STS	AFM292XB5	744	0.74	11173807	32.84	25.92	40.31	11121806	26.0645321444039	32.6411257247676	40.4702531028242
rs726867	SNP	rs726867	182	0.5	11227697	32.84	26.31	40.31	11175697	26.2170825392261	32.7740628230286	40.5808529593305
rs1473702	SNP	TSC0393726	373	0.5	11234532	32.84	26.31	40.31	11182532	26.2383546169636	32.7929734109739	40.5951300359574
D20S27	STS	MFD25	986	0.73	11247079	33.44	26.43	40.98	11195078	26.2774037405000	32.8276875509814	40.6213384456776
D20S186	STS	AFM120XC7	1165	0.85	11523800	33.44	26.43	40.98	11471794	27.1615031961803	33.5254101623349	41.2718403183462
D20S41	STS	IP20M57	144	0.83	11750957	33.44	26.83	40.98	11698956	27.5593117760698	33.8275529006729	41.6849718278765
rs803880	SNP	rs803880	264	0.49	11853155	33.44	26.83	40.98	11801155	27.7175552433877	33.948980606449	41.8269668036095
D20S426	STS	UT1456	43	0.69	11964637	33.44	26.83	41.21	11912636	27.8718934022295	34.0810482185847	41.9560471443246
D20S440	STS	UT239	76	0.63	11964678	33.44	26.83	41.24	11912677	27.8719456099751	34.0810976007654	41.9560902466057
D20S446	STS	UT246	62	0.67	11964685	33.44	26.83	41.24	11912685	27.8719545234926	34.0811060318694	41.9560976055318
rs761319	SNP	rs761319	274	0.49	11970685	33.44	26.83	41.32	11918685	27.8795946813766	34.0883326924629	41.9624052564275
D20S61	STS	IP20M23	864	0.69	11998256	33.91	26.83	41.63	11946255	27.9147463183483	34.1215241533275	41.9913796609823
rs912086	SNP	rs912086	70	0.43	12391974	34.03	27.71	41.81	12339974	28.5279445963637	34.6715993385226	42.2947468137303
D20S1141	STS	D20S1141	61	0.83	12466219	34.51	27.71	41.88	12414055	28.7219932179512	34.8314693935477	42.3690277218199
D20S604	STS	GATA81E09	799	0.73	12584311	34.51	27.71	41.88	12532311	29.0446477096030	35.0965698062636	42.5047587244365
rs845567	SNP	rs845567	284	0.49	12763016	35.28	28.91	41.88	12711016	29.5136204751561	35.4711434753226	42.7141405346626
rs6131392	SNP	rs6131392	312	0.51	12802694	35.28	28.91	41.88	12750694	29.61881334341	35.5542087705687	42.7602290764815
D20S50	STS	IP20M29	181	0.71	12854052	35.28	28.91	42.32	12802051	29.7542256812092	35.6610976070707	42.8193105551513
D20S163	STS	UT1705	776	0.79	12858113	35.28	28.91	42.32	12806104	29.764633071119	35.6694979018333	42.8240562351805
D20S56	STS	IP20M6	117	0.62	13008258	35.28	28.91	42.32	12956257	30.1945032254222	36.0021016960568	43.0091527589956
D20S58	STS	IP20M14	128	0.74	13145675	36.26	30.14	42.32	13093674	30.5972404669234	36.3076383449484	43.1925957765449
rs721243	SNP	rs721243	81	0.29	13220601	36.26	30.14	42.89	13168601	30.7581067431892	36.4337042011422	43.2699821418598
rs719628	SNP	rs719628	200	0.36	13262487	36.26	30.14	42.98	13210487	30.832759324779	36.4999405644738	43.3098216770285
rs1812562	SNP	TSC0270448	67	0.09	13374180	36.47	30.53	42.98	13322180	30.8862705857781	36.6137115932983	43.4099853892689
rs932568	SNP	TSC0258951	237	0.41	13403897	36.47	30.53	42.98	13351897	30.8985561478411	36.6291153943301	43.4368677726145
rs1884797	SNP	TSC0900794	205	0.41	13439849	36.47	30.53	42.98	13387849	30.9170004031248	36.64353318154	43.4702035645075
D20S915	STS	AFMA081TH9	719	0.67	13447767	36.47	30.53	42.98	13395723	30.9214215040239	36.6462857097821	43.477626888146
D20S172	STS	AFM211YB8	143	0.69	13600854	36.47	30.53	43.02	13548846	31.0142075245199	36.7126484526445	43.5849445768588
rs1040756	SNP	rs1040756	211	0.44	13652982	36.47	30.53	43.05	13600982	31.0557590362857	36.7440098352164	43.6070782262589
rs204115	SNP	rs204115	229	0.45	14754742	36.47	30.53	43.07	14702742	31.8105909329663	37.2252461915374	44.0756648276281
D20S51	STS	IP20M37	58	0.32	14785402	36.47	30.53	43.07	14733401	31.8196362436968	37.23721962884	44.1107920313298
D20S66	STS	MFD136-2	1108	0.78	15066463	37.17	31.51	43.36	15014462	32.3029890186035	37.8171145794465	44.497689617357
D20S910	STS	AFMA055YG5	166	0.77	15149071	37.91	31.51	44.33	15097052	32.7019899615515	38.0996284647587	44.6471777485063
rs2021914	SNP	TSC0899131	154	0.17	15229486	37.91	31.51	44.33	15177486	33.0690407500179	38.3619736160853	44.7970520376037
rs2021911	SNP	rs2021911	116	0.16	15229947	37.91	31.52	44.33	15177947	33.0710064321284	38.3634166434372	44.7979059907033
D20S152	STS	UT759	610	0.58	15269443	37.91	32.13	44.33	15217274	33.2436514106859	38.4858344654228	44.8732857284432
D20S898	STS	AFMC013XE5	143	0.84	15276213	37.91	32.13	44.33	15224210	33.2741838805269	38.5065490579160	44.886698374746
D20S166	STS	UT1677	664	0.7	15298039	37.91	32.13	44.54	15245756	33.3726183985105	38.5733314354282	44.9299397954559
rs2021764	SNP	rs2021764	272	0.47	15321404	37.91	32.13	44.54	15269404	33.4800179388304	38.6529346553399	44.9757238376686
rs764119	SNP	rs764119	285	0.47	15321706	37.91	32.13	44.54	15269706	33.4814165730239	38.6540054752128	44.9763129935854
D20S852	STS	AFMA224XF1	737	0.85	15427603	38.39	32.95	44.54	15375570	33.9503412635212	39.0031065681492	45.1781193780666
rs747398	SNP	rs747398	212	0.4	15549323	39.11	33.78	44.54	15497323	34.4702922210403	39.3919535739516	45.3992782477659
D20S447	STS	UT247	32	0.62	15571475	39.11	33.78	44.54	15519474	34.5644481238026	39.4612991761987	45.4382808548153
rs466243	SNP	rs466243	212	0.47	15641646	39.11	33.78	44.54	15589646	34.8756053331283	39.6789126252064	45.5595858234803
D20S98	STS	AFM044XB4	808	0.72	15652903	39.12	33.78	45.4	15600874	34.9249029075391	39.7136686068089	45.5794286250177
D20S904	STS	AFM291WE5	494	0.8	15725305	40.18	35.59	45.4	15673304	35.2390449375451	39.9378542751576	45.6947366170529
rs763659	SNP	rs763659	73	0.17	15793045	40.37	35.69	45.4	15741045	35.5681688949607	40.1513884193732	45.7895004778595
rs726207	SNP	rs726207	56	0.27	16014926	40.37	35.69	45.4	15962926	36.4298107776897	40.7742031404803	46.0966552198552
rs775133	SNP	rs775133	282	0.49	16019700	40.37	35.72	45.4	15967700	36.4392660529390	40.7841780952729	46.1045755762699
D20S104	STS	AFM102XA7	491	0.8	16187064	40.37	35.72	45.4	16135052	36.7408064404424	41.0964177617733	46.3658995476407
rs720592	SNP	rs720592	238	0.46	16506369	41.16	35.73	46.36	16454369	37.3780643908068	41.6000508850419	46.854145276879
rs720593	SNP	rs720593	152	0.34	16506405	41.16	35.73	46.36	16454405	37.3781655383741	41.6001107953754	46.8541850923558
rs1105853	SNP	TSC0138746	377	0.4	16593159	41.16	35.73	46.36	16541159	37.5982983965008	41.7482928731406	46.9434786650179
D20S161	STS	UT1674	451	0.66	16622047	41.16	36.61	46.36	16569832	37.6675498607815	41.7927162889699	46.9723741369056
rs1984120	SNP	rs1984120	136	0.2	16622835	41.16	36.61	46.36	16570835	37.6697107539776	41.794029501226	46.9731823183876
rs1885579	SNP	rs1885579	292	0.43	16647555	41.16	36.63	46.36	16595555	37.7374991801298	41.835225702965	46.9985354227463
D20S875	STS	AFMB067XG1	561	0.86	16652263	41.69	37.53	46.53	16600206	37.7504096943015	41.8430716462411	47.0033639994179
rs1885567	SNP	TSC0902455	279	0.5	16655964	41.69	37.53	46.53	16603964	37.7605587624726	41.8492394109109	47.0071597857946
rs1018425	SNP	TSC0221855	178	0.34	16689425	41.69	37.53	46.53	16637425	37.8606356758129	41.9035050042138	47.0376489437134
D20S449	STS	UT251	77	0.62	16755310	41.76	37.64	46.53	16703309	38.0831079377518	42.0145090785109	47.0743504628967
D20S453	STS	D20S453	51	0.59	17019956	41.89	38.04	46.53	16967956	39.0421365578056	42.3782900016896	47.1207685736057
D20S118	STS	AFM260XG5	718	0.8	17029325	42.27	38.67	46.53	16977324	39.0707124484412	42.3889539278487	47.122247988752
rs2010316	SNP	rs2010316	122	0.26	17129082	42.27	38.67	46.53	17077082	39.3555553589148	42.5085210864043	47.1383821597977
rs2010307	SNP	rs2010307	31	0.11	17129161	42.27	38.67	46.53	17077161	39.3557725179764	42.5086325300841	47.1383953485581
D20S114	STS	AFM210VB4	1261	0.8	17256930	42.27	38.67	46.53	17204917	39.7033535227758	42.6956595522253	47.163950218338
rs727472	SNP	rs727472	248	0.49	17312073	42.27	38.67	46.53	17260073	39.8380660033184	42.7819387366826	47.1836165646871
D20S112	STS	AFM197XB12	997	0.83	17316039	42.27	38.67	46.53	17263937	39.8467837215031	42.787548024475	47.1854855488089
D20S48	STS	IP20M12	183	0.81	17316434	42.27	38.67	46.53	17264433	39.8476519763399	42.7881066903041	47.1856716932184
D20S470	STS	GGAA7E02	167	0.95	17372490	42.27	38.67	46.53	17320490	39.9648488816240	42.864027400928	47.2143621752827
D20S47	STS	D20S47	153	0.51	17408941	42.32	39.82	46.53	17356940	40.0368696998332	42.9117594708030	47.2361383882237
D20S1084	STS	D20S1084	111	0.72	17726743	42.32	39.82	46.53	17674743	40.9160328329211	43.5047325692052	47.4880468728185
D20S605	STS	D20S605	891	0.69	17726743	43.04	39.86	47	17674743	40.9160328329211	43.5047325692052	47.4880468728185
rs6136179	SNP	rs6136179	189	0.37	17727223	43.21	40.04	47.01	17675223	40.9175353737144	43.5056384148282	47.4883274875251
rs2143544	SNP	TSC1162384	201	0.53	17789221	43.3	40.04	47.05	17737221	41.1138651462815	43.6229358152619	47.5244601915960
rs1831160	SNP	rs1831160	120	0.27	17791048	43.53	40.04	47.05	17739048	41.1198189868327	43.6264144833250	47.5255166143202
rs16823	SNP	WIAF-3041	61	0.29	17791064	43.53	40.18	47.05	17739064	41.1198711277461	43.626444947851	47.5255258659697
rs2077147	SNP	TSC0112303	222	0.38	17825143	43.54	40.75	47.05	17773143	41.2308913954496	43.691365511402	47.5452684807405
D20S182	STS	AFM242YF8	152	0.67	17839364	43.54	40.75	47.05	17787283	41.2767156087956	43.718911110006	47.5540186936285
rs1535027	SNP	rs1535027	195	0.28	17850778	43.54	40.75	47.05	17798778	41.3134948487316	43.7410196440378	47.5610417531815
D20S885	STS	AFMB296XC9	144	0.75	17963854	43.54	40.75	47.05	17911678	41.6834032573183	43.9653284939599	47.6264795501627
rs1976	SNP	WIAF-3941	136	0.45	18005113	43.54	40.75	47.05	17953113	41.8192093004384	44.0454876814819	47.6484227229576
D20S1140	STS	D20S1140	289	0.46	18117857	43.66	41.17	47.05	18065799	42.1736485938595	44.2561590116194	47.7000299352516
rs761461	SNP	rs761461	150	0.46	18264029	44.2	42.11	47.05	18212029	42.6348485881156	44.5283540492678	47.7355065183412
D20S860	STS	AFMA337ZH9	120	0.66	18334174	44.2	42.11	47.05	18282130	42.8615103010236	44.6591737010601	47.7476590496548
rs1570344	SNP	rs1570344	224	0.43	19118163	45.77	44.71	47.35	19066163	44.7073673032949	45.7273284194744	48.0514808778424
rs2295073	SNP	rs2295073	168	0.31	19256240	45.77	44.71	47.35	19204240	45.2395565659375	46.0231456013146	48.1677420521209
D20S40	STS	IP20M43	74	0.58	19279784	45.77	44.71	47.35	19227783	45.3315810299553	46.0810973788341	48.1873409604312
rs728481	SNP	rs728481	236	0.42	19341331	45.77	44.71	47.35	19289331	45.579186328571	46.2283435804693	48.2439457119611
rs1321345	SNP	rs1321345	171	0.33	19599970	46.4	45.64	47.64	19547970	47.301382968524	47.1686385089151	48.5289814017287
rs728173	SNP	rs728173	161	0.36	19602042	46.4	45.64	48.1	19550042	47.3142301499222	47.1755099042937	48.5311629989148
rs722850	SNP	rs722850	85	0.25	19610736	46.4	45.64	48.13	19558736	47.3670337820433	47.2044501147671	48.540174840151
rs720436	SNP	rs720436	162	0.32	19653543	46.4	45.64	48.41	19601543	47.6088749858909	47.3487256704784	48.5822086119489
D20S432	STS	UT5542	843	0.77	19831622	46.52	45.69	48.41	19779384	48.5853589192019	47.8852322799534	48.7415878745731
rs1883798	SNP	rs1883798	139	0.29	20084496	48.95	50.58	48.41	20032496	49.9880719040106	48.6671084722802	48.9621399101308
rs2179824	SNP	rs2179824	333	0.48	20141153	48.95	50.58	48.41	20089153	50.2447524574109	48.8089393737708	49.0041512014642
rs1028434	SNP	rs1028434	39	0.1	20158062	48.95	50.58	48.41	20106062	50.3202670207938	48.8507488835743	49.0148689649449
rs996569	SNP	rs996569	257	0.45	20241575	48.95	50.58	48.41	20189575	50.7264539504078	49.0772391593891	49.0692245255577
rs721424	SNP	rs721424	232	0.47	20339310	48.95	50.58	48.41	20287310	51.1343496561509	49.2977699397004	49.1265991187591
D20S525E	STS	D20S525E	19	0.07	20371897	49.47	50.99	48.63	20319897	51.2761116428794	49.3778335043796	49.1423602799783
D20S42	STS	IP20M62	173	0.84	20445769	49.56	51.41	48.66	20393768	51.5505866385308	49.5317648498949	49.1745512348413
D20S912	STS	AFMA070XG5	822	0.83	20860834	49.56	51.41	48.66	20808811	52.6645881249298	50.151832800867	49.2473481229405
rs1535411	SNP	TSC0409870	403	0.5	20919305	49.56	51.41	48.66	20867305	52.7969757311467	50.2208438908187	49.2507250040463
D20S54	STS	IP20M85	660	0.75	20943970	49.74	51.77	48.66	20891969	52.8413128038705	50.2445335586355	49.2520053156792
rs1007272	SNP	TSC0084799	294	0.53	20963732	49.74	51.77	48.66	20911732	52.8761716794054	50.2631999470762	49.2530242054654
rs755963	SNP	rs755963	241	0.42	20982386	49.74	51.77	48.66	20930386	52.9052881721704	50.279016193798	49.2539688764051
rs6047205	SNP	rs6047205	246	0.4	20998580	49.74	51.77	48.66	20946580	52.9270084545363	50.2910533139514	49.2547729206282
D20S63	STS	D20S63	130	0.68	21000111	49.74	51.77	48.66	20948110	52.9290619158369	50.2921913175919	49.2548489359243
D20S190	STS	AFM294VB5	786	0.67	21310443	49.98	52.25	48.66	21258406	53.1027074025503	50.3937294397624	49.2688053852636
rs970177	SNP	rs970177	185	0.4	21608564	49.98	52.25	48.66	21556564	53.1885268604382	50.4468270287956	49.2809533734708
D20S1145	STS	D20S1145	129	0.67	21612282	49.98	52.25	48.66	21560282	53.1906512756173	50.4476554202214	49.28109732877
D20S62	STS	IP20M25	100	0.54	21624145	49.98	52.25	48.66	21572144	53.1974296342162	50.4502985637084	49.2815566460682
D20S868	STS	AFMB027ZB9	227	0.29	21677302	50.16	52.63	48.66	21625249	53.2298003327424	50.4636106035515	49.2836299593243
D20S180	STS	AFM240WG1	223	0.24	22126450	50.16	52.63	48.66	22074247	53.680214714292	50.7020328868256	49.3019810700583
D20S474	STS	ATA27B02	376	0.62	22139363	50.16	52.63	48.66	22087363	53.6995215433496	50.712423301799	49.3025678947435
D20S477	STS	GATA29F06	588	0.72	22412084	50.38	53.03	48.66	22360064	54.1416657939038	50.9407063156107	49.3154151536524
rs1974	SNP	rs1974	18	0.06	22562311	50.38	53.03	48.68	22510311	54.4187122119643	51.0908396564835	49.3244689013817
rs1761	SNP	WIAF-3725	107	0.43	22748637	50.66	53.12	48.73	22696637	54.7902821427984	51.2874066157621	49.3426757414675
rs1962	SNP	WIAF-3927	104	0.41	23026496	51.49	55.12	48.73	22974496	55.3370390128087	51.5838013824684	49.3917138230101
rs2007743	SNP	rs2007743	157	0.37	23039041	51.49	55.12	48.73	22987041	55.360636901568	51.5977293224905	49.3939847813896
D20S184	STS	AFM248XB9	85	0.72	23124429	51.49	55.12	48.8	23072343	55.5300049116674	51.6926489875638	49.4103386782716
rs1112819	SNP	rs1112819	189	0.48	23323987	51.49	55.12	48.8	23271987	55.9530306638956	51.912031868354	49.4443808334423
D20S871	STS	AFMB038YA9	945	0.86	23335573	51.49	55.12	48.8	23283568	55.9785014843915	51.9248689157522	49.4463952460007
rs999072	SNP	rs999072	137	0.45	23347553	51.49	55.12	48.8	23295553	56.00533633347	51.9380791041284	49.448476497007
rs7988	SNP	rs7988	188	0.38	23352685	51.49	55.12	48.8	23300685	56.0168318631421	51.9437380930054	49.4493680646334
rs726217	SNP	rs726217	180	0.41	23584116	51.58	55.13	49	23532116	56.5160383340849	52.2103338575061	49.4879552630978
D20S148	STS	UT487	77	0.73	23605303	51.78	55.59	49	23553161	56.5591587289966	52.2327063543383	49.4912506199338
D20S101	STS	AFM058XA1	917	0.68	23639167	51.78	55.59	49	23587133	56.62658992728	52.2670410961325	49.4963966604282
rs761863	SNP	rs761863	247	0.52	24085110	52.37	56.67	49	24033110	57.4007711428938	52.6794033945845	49.5618462746105
D20S848	STS	AFMA210WH9	766	0.78	24333808	52.37	56.67	49	24281754	57.7482294900996	52.8643661548154	49.5982474032663
rs722834	SNP	rs722834	222	0.43	24423416	52.83	57.62	49	24371416	57.8605142245922	52.9231048350581	49.609743091649
D20S844	STS	AFMA191XC1	147	0.72	24448342	52.83	57.62	49	24396297	57.8903787199513	52.9392050231158	49.6131380879914
rs17879983	SNP	rs17879983	184	0.4	24631949	52.83	57.62	49	24579949	58.0941955465064	53.0491213342761	49.6370054729761
D20S486	STS	GGAA22C02	77	0.76	24635134	52.83	57.62	49	24583134	58.0975653014701	53.0509120455261	49.6374199952297
D20S65	STS	MFD134A	1068	0.59	25096710	52.83	57.62	49	25044695	58.4945402923629	53.259823089812	49.694412086805
rs2856	SNP	WIAF-785	118	0.45	25433536	52.83	57.62	49.13	25381536	58.5973385559671	53.3139569384152	49.7310954197252
rs958075	SNP	rs958075	275	0.5	25595123	52.85	57.62	49.19	25543123	58.6162170167435	53.3263539664242	49.7441902077725
D20S191	STS	AFM294ZC5	701	0.71	26167005	52.85	57.62	49.19	26114909	58.6738391619008	53.3583851404229	49.7589066340561
rs1474945	SNP	rs1474945	241	0.41	29846402	52.85	57.62	49.19	29310063	59.1401453055963	53.6061313706289	49.8019840770687
rs972546	SNP	rs972546	242	0.47	29850586	52.85	57.62	49.19	29314247	59.1406990016994	53.6064315681679	49.8020271806681
rs6061213	SNP	rs6061213	240	0.43	29901422	52.85	57.62	49.19	29365083	59.1473819855954	53.6100532068068	49.8025478104409
rs6087831	SNP	rs6087831	224	0.43	29901511	52.85	57.62	49.19	29365172	59.1473929759722	53.61005913578	49.8025486727256
rs709045	SNP	rs709045	212	0.46	29965014	52.85	57.62	49.19	29428675	59.1554956456526	53.6142453082497	49.8031718604747
D20S484	STS	GATA65E02	161	0.81	30067928	53.1	58.08	49.19	29531586	59.1689116251383	53.6213530746438	49.8042373113232
D20S111	STS	AFM190XG1	849	0.69	30476685	53.1	58.08	49.19	29940292	59.2211696435227	53.6539496717647	49.8084302466246
D20S863	STS	AFMA339XF5	427	0.58	30577816	53.14	58.16	49.19	30041467	59.2356080001445	53.6645396813899	49.8095105912722
D20S872	STS	AFMB054ZH9	394	0.42	30580770	53.14	58.16	49.19	30044364	59.236091847596	53.6649000961231	49.8095411155514
D20S874	STS	AFMB059WB1	1055	0.79	30713810	53.4	58.62	49.19	30177375	59.2610620959205	53.6849074300457	49.8109125079921
rs2377473	SNP	TSC1552366	239	0.45	30850248	53.4	58.62	49.19	30313909	59.332094971204	53.7298871330526	49.8123384481216
rs933004	SNP	TSC0259598	380	0.45	30917507	53.4	58.62	49.19	30381168	59.3908165195086	53.7609978562626	49.8131233528188
rs1412998	SNP	TSC0606794	240	0.45	30942820	53.4	58.62	49.19	30406481	59.4130905004244	53.7727312602675	49.8133999006983
D20S200	STS	AFMA141XD9	144	0.77	30965878	53.4	58.62	49.19	30429538	59.4338573032743	53.7829656498314	49.8136341508026
D20S903	STS	AFM288YB1	693	0.61	31063859	53.4	58.62	49.19	30527505	59.524061205604	53.8307339649404	49.8146700950355
D20S187	STS	AFM262XF9	379	0.57	31065998	53.4	58.62	49.19	30529565	59.5260031487999	53.8317578753568	49.814694648509
D20S843	STS	AFMA176XC9	692	0.82	31179223	53.5	58.82	49.19	30642865	59.6334186118836	53.8883682690527	49.815938266176
D20S837	STS	AFMA136ZG5	115	0.61	31263852	53.5	58.82	49.19	30727381	59.7142395038236	53.9310921618942	49.8168683526652
rs221972	SNP	rs221972	210	0.46	31579857	53.5	58.82	49.19	31043518	60.0295223328064	54.0939087837609	49.8204880633645
D20S195	STS	AFM321XC1	159	0.77	31825688	53.5	58.82	49.19	31289325	60.2869231096932	54.223603915797	49.8233861767938
D20S890	STS	AFMB318XE1	112	0.77	32135432	53.52	58.82	49.19	31599058	60.7606938914677	54.455816082867	49.8273064437386
D20S878	STS	AFMB280XH5	579	0.59	32466128	54.52	60.83	49.19	31929740	61.1600079681146	54.6487262094729	49.8318415994815
rs736264	SNP	rs736264	242	0.42	32482386	54.52	60.83	49.19	31946047	61.1808978326619	54.659056529621	49.8320812479462
rs725478	SNP	rs725478	168	0.42	32518354	54.52	60.83	49.19	31982015	61.2275128845197	54.6822537359005	49.832609833946
rs819144	SNP	rs819144	95	0.19	32861556	54.52	60.83	49.19	32325217	61.5839982492302	54.8626646598065	49.8380936269675
rs819145	SNP	rs819145	96	0.2	32861827	54.52	60.83	49.19	32325488	61.5842271480018	54.862772565555	49.838098195797
rs764597	SNP	rs764597	283	0.5	33161225	54.52	60.83	49.19	32624886	61.8203559109854	54.9848528741282	49.8440517046831
rs910869	SNP	rs910869	258	0.47	33292777	54.52	60.83	49.19	32756438	61.8979658210282	55.0236451537587	49.8475124750576
D20S45	STS	IP20M83	195	0.77	33443561	54.52	60.83	49.19	32907221	61.925366935941	55.0437289456475	49.8527523768333
D20S601	STS	D20S601	134	0.62	33465655	54.52	61.12	49.19	32929315	61.9279385641223	55.0463089654909	49.8536755754024
D20S106	STS	AFM123YF8	459	0.71	33507330	54.52	61.12	49.19	32970933	61.9323353521546	55.0504320995093	49.8561566385297
rs4911463	SNP	rs4911463	280	0.49	33642737	54.72	61.12	49.32	33106398	61.9449636343626	55.0628245317937	49.8653123010265
rs2065979	SNP	rs2065979	336	0.48	33767690	54.72	61.12	49.32	33231351	61.9552800072878	55.0728580018775	49.8729697671977
rs663550	SNP	rs663550	264	0.47	33779268	54.72	61.12	49.32	33242929	61.9562228905839	55.0737399398464	49.8735255996662
rs725908	SNP	rs725908	152	0.46	33968067	54.72	61.12	49.32	33431481	61.9713359625788	55.0895047977448	49.8831328625068
D20S909	STS	AFMA045ZE5	485	0.68	34452265	54.72	61.12	49.32	33915656	62.034923684566	55.1484794142212	49.9030150496594
D20S914	STS	AFMA072ZF9	548	0.47	34654327	54.72	61.12	49.32	34117627	62.1111597567427	55.1994421154838	49.910489439353
rs932434	SNP	TSC0258769	27	0.05	34662887	54.72	61.12	49.32	34126301	62.1152859691389	55.2020422473601	49.9107865494552
D20S896	STS	AFM275VC9	681	0.71	34698470	54.72	61.12	49.32	34161855	62.1362898539604	55.2136774341538	49.9121018554645
D20S870	STS	AFMB030XE9	805	0.78	34701235	54.72	61.12	49.32	34164515	62.1380377177374	55.21460639692	49.9122064737353
D20S865	STS	AFMA357ZB9	132	0.64	34730904	54.77	61.21	49.32	34194315	62.1572778676951	55.224907278808	49.9133226668554
D20S847	STS	AFMA197YD5	1057	0.83	34853448	54.8	61.28	49.32	34316841	62.2470705531868	55.2730828221421	49.917847192385
D20S622	STS	UT1330	34	0.38	35421186	55.09	61.81	49.32	34854536	62.7992451935811	55.5501860235766	49.9404179667766
rs1124692	SNP	rs1124692	179	0.37	35639778	55.47	62.6	49.32	35073192	63.1091383930967	55.7045562815448	49.9513207765786
RPN2	STS	RPN2	451	0.8	35817631	55.47	62.6	49.32	35250992	63.4326695277495	55.8723862894645	49.963348476515
rs1043415	SNP	rs1043415	275	0.45	35945238	55.47	62.6	49.32	35378652	63.7310014132672	56.0341109521981	49.9798590404167
D20S834	STS	AFMA123WD1	548	0.74	35993671	55.6	62.82	49.32	35427060	63.8869394659583	56.1189158556237	49.9924934186706
D20S841	STS	AFMA163XH1	119	0.27	36050499	55.79	63.19	49.32	35483684	64.0517999316647	56.2125433963633	50.0113490335669
D20S884	STS	AFMB291XD9	715	0.87	36070705	55.81	63.22	49.32	35504018	64.0970981538225	56.2376524335668	50.0179167251487
D20S859	STS	AFM189XB6	887	0.74	36443423	56.25	63.96	49.6	35876720	65.0744989188367	56.772849710294	50.144883133239
D20S429	STS	UT2516	33	0.31	36552999	56.25	63.97	49.6	35986372	65.427472987757	56.9592781750763	50.1899825947016
D20S434	STS	UT5960	22	0.27	36740321	56.27	64.06	49.6	36173734	65.9752430363327	57.2720409446435	50.2639626279089
rs1534967	SNP	rs1534967	247	0.48	36841756	56.41	64.31	49.62	36275170	66.253396246443	57.4198984056859	50.3008319680838
rs1205429	SNP	rs1205429	136	0.48	36866748	56.43	64.39	49.62	36300162	66.319318774641	57.4526670076814	50.3099989169613
rs1205438	SNP	rs1205438	181	0.45	36875567	57.43	66.92	49.62	36308981	66.3425810496161	57.46423015993	50.3132336849731
D20S881	STS	AFMB286YE9	86	0.56	37055523	57.96	66.92	49.89	36488718	66.8251195701302	57.7353186092042	50.374516293425
D20S1152	other	D20S1152	102	0.63	37232021	57.96	66.92	49.89	36665435	67.3060822552089	58.0012564866586	50.4216291576966
D20S478	STS	GATA42A03	993	0.77	37232028	57.96	66.92	49.89	36665442	67.3061018531439	58.0012675473838	50.4216303030483
rs1075195	SNP	rs1075195	14	0.17	37346751	57.96	66.92	49.89	36780165	67.6860487526457	58.215245702316	50.4390445760338
D20S174	STS	AFM224YC1	706	0.68	37725175	57.96	66.92	49.89	37158525	68.001767404672	58.3477532930604	50.4808755818715
D20S908	STS	AFM345VH5	97	0.69	37813954	57.96	66.92	49.89	37247367	68.0826196663599	58.3871151481316	50.4900452502426
rs1332883	SNP	rs1332883	297	0.54	37852969	57.96	67.37	49.89	37286383	68.1122926665196	58.4011623347365	50.4943220727891
rs4810257	SNP	rs4810257	227	0.47	37912138	57.96	67.37	49.89	37345552	68.1507848434959	58.4210409224838	50.5011700231136
D20S53	STS	IP20M78	69	0.34	37962486	57.96	67.37	49.89	37395899	68.1852129786176	58.4379852180189	50.5066956931284
D20S44	STS	IP20M71	129	0.65	37983504	57.96	67.37	49.89	37416917	68.2001333797526	58.4450701367897	50.5090765454654
rs1569608	SNP	rs1569608	192	0.49	38016516	57.96	67.37	49.89	37449930	68.2224552942199	58.4562071443886	50.5138361447541
D20S438	STS	UT236	65	0.67	38051707	57.96	67.37	49.89	37485121	68.2483484625511	58.4681154474223	50.5187108426659
D20S206	STS	GATA11A04	101	0.74	38290973	58.13	67.37	49.89	37724368	68.4448102386985	58.5893329896209	50.56319725896
rs1408871	SNP	rs1408871	136	0.34	38371090	58.13	67.37	49.89	37804504	68.5739982312287	58.6686685709462	50.5905386057953
rs1408872	SNP	rs1408872	47	0.09	38371352	58.16	67.53	49.89	37804766	68.5744683595477	58.6689410245678	50.5906456373351
rs729429	SNP	rs729429	218	0.55	38590028	58.41	67.84	50.21	38023442	68.9670494684951	58.9343061374203	50.7129639116327
rs4254	SNP	WIAF-266	50	0.23	38684055	58.41	67.84	50.22	38117469	69.1583268281201	59.0680413276713	50.7810339900378
rs2179084	SNP	TSC1221839	207	0.25	38702253	58.69	68.32	50.22	38135667	69.1984475020169	59.0982538684722	50.7953787972382
rs735998	SNP	TSC0029435	282	0.54	38758830	58.69	68.32	50.22	38192244	69.3213094085597	59.179724178892	50.8388804974915
rs1406966	SNP	TSC0594834	135	0.27	38786044	58.69	68.32	50.22	38219458	69.3809080408655	59.2207971004592	50.8606640471996
GATA143H10	STS	GATA143H10	136	0.7	38796841	58.69	68.32	50.22	38230255	69.404677941436	59.2376794678176	50.8694736636416
D20S607	STS	GATA90E02	743	0.72	38796849	58.69	68.32	50.22	38230263	69.404695553662	59.2376919767496	50.8694801910966
D20S465	STS	UT1675	55	0.46	38796852	58.75	68.45	50.22	38230123	69.4047021582468	59.2376966675991	50.8694826388923
D20S435	STS	UT7703	31	0.43	38796884	58.88	68.64	50.22	38230297	69.404772607151	59.2377467033271	50.8695087487122
rs911071	SNP	rs911071	160	0.26	38832683	59.07	68.98	50.22	38266097	69.4848901978739	59.2944062326556	50.899493795625
D20S1146	STS	D20S1146	41	0.92	38869322	59.1	69.02	50.22	38302736	69.5691430738059	59.3535766440936	50.931522607321
D20S107	STS	AFM142XH4	1342	0.81	38882541	59.1	69.03	50.22	38315924	69.60164611355	59.3753297953203	50.9436179588182
rs723080	SNP	rs723080	276	0.55	39357465	60	70.2	51.07	38790879	70.8167419821516	60.1958199775297	51.4237872341187
D20S850	STS	AFMA218WA5	135	0.71	39411257	60	70.2	51.07	38844550	70.9933420430493	60.3125950601855	51.4942208512816
D20S99	STS	AFM051XF12	859	0.57	39613650	60.26	70.65	51.07	39047043	71.365195837418	60.5645861847793	51.6136291323773
D20S855	STS	AFMA239WD5	119	0.76	39648592	60.26	70.65	51.07	39082005	71.4069225842298	60.5950075564853	51.6203166692412
D20S170	STS	AFM193XC9	664	0.77	40341837	60.26	70.65	51.07	39775205	72.0159425700684	60.8840042998897	51.7137954834213
rs2076395	SNP	rs2076395	248	0.48	40524765	60.58	71.1	51.07	39958179	72.2289654448573	61.0387464030846	51.7518891712184
rs1008069	SNP	rs1008069	333	0.49	40581079	60.58	71.1	51.07	40014493	72.3343772488452	61.1401802637897	51.7674435677618
rs875791	SNP	rs875791	254	0.48	40608608	60.67	71.89	51.07	40042022	72.3871688339859	61.1957433286156	51.7769672504524
rs2067084	SNP	rs2067084	169	0.32	40735894	61.08	71.89	51.09	40169308	72.6719791120367	61.4472572795993	51.8731726497255
D20S108	STS	AFM163YH8	994	0.79	40830457	61.08	71.89	51.31	40263861	72.8782144763723	61.6059073693685	51.944120042634
rs727336	SNP	rs727336	149	0.4	40884676	61.08	71.89	51.31	40318090	72.9926877146324	61.687044304596	51.98438259271
D20S858	STS	AFMA285WF1	520	0.46	40958043	61.31	72.53	51.31	40391443	73.1479453313928	61.7942213135273	52.0324221208912
rs933240	SNP	rs933240	245	0.49	40979986	61.31	72.53	51.31	40413400	73.1947990986215	61.8266959382133	52.0464758841907
rs988461	SNP	rs988461	237	0.5	40995962	61.31	72.53	51.31	40429376	73.2291016199544	61.850957043993	52.0568565983683
D20S466	STS	UT1688	43	0.66	41149396	61.43	72.53	51.43	40582780	73.5837661018447	62.0966103029622	52.1666429236593
D20S46	STS	IP20M77	219	0.8	41334729	61.7	72.53	51.63	40768141	74.0645226719955	62.4567480085409	52.328218527571
rs4812644	SNP	rs4812644	276	0.46	41388958	62.23	72.89	51.95	40822372	74.214696678066	62.5508383852116	52.3757327224217
rs980929	SNP	rs980929	272	0.48	41407062	62.23	72.89	51.95	40840476	74.2582184532449	62.5792574796285	52.3908980501146
rs208179	SNP	rs208179	124	0.26	41433126	62.23	73.71	51.95	40866540	74.3193774246044	62.6195102907018	52.4125494810294
rs1397854	SNP	rs1397854	107	0.25	41465048	62.23	73.71	51.95	40898462	74.4059940837238	62.674205014961	52.4382866242708
rs1397853	SNP	rs1397853	67	0.12	41465142	63.11	73.71	51.95	40898556	74.4062663962945	62.6743740212683	52.4383612619382
D20S899	STS	AFMC013YH9	707	0.74	41716861	63.11	75.31	51.95	41150266	75.0563828321955	63.0578049682053	52.5945322408489
D20S96	STS	AFM029YC3	842	0.8	42095436	63.11	75.31	52.19	41528838	76.1558955092057	63.6030786307719	52.7675883102937
rs765147	SNP	rs765147	187	0.48	42122452	63.11	75.31	52.19	41555866	76.2343634005514	63.6430686334573	52.775979966721
rs3205	SNP	WIAF-1648	75	0.34	42179445	63.11	75.31	52.19	41612859	76.4146602820782	63.7210523756272	52.7926916892912
D20S43	STS	IP20M66	49	0.55	42199594	63.11	75.31	52.19	41633007	76.480996982485	63.7480313274861	52.7981101087171
rs619289	SNP	rs619289	98	0.19	42294613	63.11	75.31	52.19	41728027	76.7970978184098	63.8841833921776	52.8230152192746
D20S150	STS	UT653	263	0.6	42495714	63.26	75.49	52.19	41929040	77.5481449499493	64.2464249668134	52.8871172243966
D20S169	STS	AFM189YA7	81	0.46	42605388	64.38	77.82	52.19	42038796	78.0161383317061	64.4938263825969	52.9250347952809
D20S861	STS	AFMA339WD5	573	0.61	42607372	64.38	77.82	52.19	42040782	78.023876086328	64.49755499235	52.925705165124
rs244123	SNP	TSC0375631	142	0.28	43189278	64.43	77.82	52.56	42622692	80.7127884084973	65.9493971000509	53.1030712181959
D20S911	STS	AFMA060WG1	485	0.55	43204720	65.56	79.86	52.56	42638072	80.7733762096599	65.9823976757241	53.1063467131125
rs2027871	SNP	TSC1086737	286	0.51	43209835	65.56	79.86	52.56	42643249	80.7934452812145	65.9933287691426	53.1074316863348
rs244099	SNP	TSC0417608	230	0.26	43225466	65.56	79.86	52.56	42658880	80.8547746375138	66.0267332503204	53.1107472711711
D20S454	STS	UT275	66	0.68	43340833	66.37	81.38	52.56	42774246	81.2861552361639	66.260715206435	53.1274627278817
D20S880	STS	AFM207ZB10	646	0.67	43443628	66.38	81.4	52.56	42876949	81.6370053842789	66.4547527751853	53.1383536434927
rs2425677	SNP	rs2425677	322	0.52	43537657	66.38	81.4	52.56	42971071	81.9458269553392	66.6212114592782	53.1468940248062
rs927000	SNP	TSC0243357	170	0.34	43598705	66.38	81.4	52.56	43032119	82.1343776748626	66.7271144596327	53.1518265529789
D20S119	STS	AFM273YH9	845	0.8	43649051	66.38	81.4	52.56	43082263	82.2784090646919	66.8100160194055	53.156138597002
D20S481	STS	GATA47F05	941	0.86	43768281	66.47	81.57	52.56	43201695	82.5528256550184	66.9516286638528	53.1656513251847
D20S1151	STS	D20S1151	1003	0.87	43886847	66.47	81.57	52.56	43320105	82.7781120817494	67.0731952140551	53.1753333563329
D20S424	STS	UT654	64	0.64	43896297	66.47	81.57	52.56	43329627	82.7961740102806	67.0833941482548	53.1760506103032
rs3529	SNP	WIAF-2019	88	0.47	43973858	67.07	82.61	52.56	43407272	82.9397954193013	67.1589014076559	53.1825318052367
rs382558	SNP	rs382558	177	0.48	44380269	67.07	82.61	52.56	43813676	83.3555436898104	67.4153278987241	53.2516693494319
rs382515	SNP	rs382515	180	0.48	44380316	67.07	82.61	52.56	43813723	83.3555772501047	67.4153559782639	53.251689379202
rs454874	SNP	rs454874	166	0.47	44380471	67.07	82.61	52.56	43813878	83.3556879276707	67.4154485810014	53.2517554348271
rs3363	SNP	WIAF-1853	67	0.31	44577314	67.07	82.61	52.56	44010721	83.4760233150630	67.5252462841313	53.3510568861643
D20S838	STS	AFMA139WF5	666	0.66	44637396	67.07	82.61	52.79	44070673	83.5210514639727	67.5636413863877	53.3911236870051
D20S856	STS	AFMA240XF1	591	0.56	44652755	67.07	82.61	52.79	44086158	83.5340282373265	67.5751300441578	53.4035413443895
D20S836	STS	AFMA132XE9	893	0.81	44940373	67.6	83.32	53.09	44373654	84.1163165325508	68.008776590839	53.6409993439853
D20S862	STS	AFMA339WE9	139	0.27	45045412	67.6	83.32	53.09	44478756	84.4383198172434	68.2162538196786	53.7121888173123
rs400597	SNP	rs400597	202	0.33	45114330	67.6	83.32	53.09	44547737	84.6706319281538	68.3560319167501	53.7607874302248
rs464070	SNP	rs464070	203	0.34	45115947	67.6	83.32	53.09	44549354	84.6761722976181	68.3593071216024	53.7619717114437
rs2780231	SNP	rs2780231	274	0.54	45136444	67.6	83.32	53.09	44569851	84.7349757692778	68.3981903651728	53.7780903868563
rs366860	SNP	rs366860	204	0.53	45141400	67.6	83.32	53.09	44574807	84.7488970861307	68.4075235915184	53.7820165013129
D20S888	STS	AFMB299YD1	136	0.92	45183904	67.6	83.32	53.09	44617143	84.8740910471256	68.4914032064629	53.8153240807965
rs1405567	SNP	rs1405567	51	0.09	45186122	68.37	83.32	53.7	44619529	84.8812758515221	68.4962112420377	53.8170213015023
D20S886	STS	AFMB298WB9	698	0.82	45251232	68.57	84.71	53.7	44684489	85.0975923808386	68.6340882477918	53.8680736311032
rs1417450	SNP	rs1417450	209	0.47	45673584	69.95	86.76	53.7	45106991	86.794992721923	69.7096360139617	54.216402099784
rs1046661	SNP	rs1046661	258	0.5	45817149	69.98	87.48	53.7	45250556	87.5841087728086	70.1762885603598	54.3141934784726
D20S891	STS	AFMB336YE5	1108	0.86	45929596	69.98	87.48	53.7	45362994	88.0322516771652	70.4533909844618	54.4489901017822
rs1591076	SNP	TSC0605699	173	0.19	46088704	70.33	87.69	53.71	45522111	88.611706958896	70.8401798369096	54.6914506874449
rs1537304	SNP	TSC0412748	208	0.33	46093212	70.33	87.69	53.71	45526619	88.6295750033319	70.8521056961596	54.6986514525473
rs2065448	SNP	TSC1103720	132	0.15	46136794	70.33	87.69	53.71	45570201	88.7956393413897	70.9657377595856	54.7694987481071
D20S197	STS	AFM326XD5	892	0.77	46160764	70.8	87.91	54.79	45594110	88.8832309992518	71.0273026929589	54.8091553833999
rs1547429	SNP	TSC0428940	263	0.56	46549142	71.21	88.63	55.05	45982549	90.0608734567956	72.0083410907391	55.8039641198541
D20S178	STS	AFM240VD6	935	0.84	46551982	71.21	88.63	55.05	45985333	90.0735707505904	72.0194653071901	55.8146256146344
rs999151	SNP	rs999151	193	0.43	47055269	73	90.85	56.87	46488676	92.08835219557	73.5577075949505	56.9932017912185
D20S427	STS	D20S427	21	0.31	47200883	73.84	92.13	56.87	46634196	92.4241083920799	73.8236177826434	57.2254806998332
rs761270	SNP	rs761270	31	0.06	47278601	73.84	92.13	56.87	46712008	92.6148676724692	73.9745241385922	57.3387860986487
rs2038178	SNP	TSC1053644	229	0.31	47303476	73.84	92.13	56.87	46736883	92.67384731751	74.0189982729878	57.375142015114
rs729664	SNP	TSC0016007	161	0.29	47304240	73.84	92.13	56.87	46737647	92.675658792839	74.0203642323316	57.3762586350208
D20S176	STS	AFM238VH6	828	0.64	47313460	73.84	92.13	56.87	46746848	92.6975197909206	74.0368487155126	57.3897340742091
rs761272	SNP	rs761272	292	0.52	47315581	73.84	92.13	56.87	46748988	92.7025487688957	74.0406408618062	57.3928340098402
rs926629	SNP	TSC0242844	303	0.54	47335736	73.84	92.13	56.87	46769143	92.7483214774525	74.0754964604227	57.4216015969947
rs968478	SNP	TSC0276768	274	0.46	47339742	73.84	92.13	56.87	46773149	92.757212817465	74.082303536912	57.4272487829741
D20S866	STS	AFMB017XG5	879	0.85	47363395	73.84	92.13	56.87	46796740	92.80971078684	74.1224951944762	57.4605919906547
D20S445	STS	UT245	66	0.71	47513620	73.84	92.13	56.87	46947027	93.0933296923469	74.3520289413135	57.6291613536139
D20S423	STS	D20S423	238	0.86	47513630	73.84	92.13	56.87	46947037	93.0933480788627	74.3520428975798	57.6291703611723
D20S887	STS	AFMB298YH5	154	0.73	47673250	73.84	92.13	56.87	47106576	93.257315510511	74.4990161671191	57.7577707398552
D20S75	STS	MIT-M127	483	0.89	47690674	73.84	92.13	56.87	47124080	93.2688607460743	74.5125391117513	57.7709374817918
rs911411	SNP	rs911411	247	0.44	47718431	73.84	92.13	56.87	47151838	93.2868514220804	74.5339633591973	57.7917430161116
rs3021	SNP	WIAF-953	98	0.36	47874005	73.84	92.13	56.87	47307412	93.405705892801	74.6450320245285	57.9003469676157
rs238196	SNP	TSC0296508	217	0.35	47898217	73.84	92.13	56.87	47331624	93.4153423553957	74.6572820838742	57.9124010978112
D20S436	STS	UT8178	228	0.42	47978044	74.1	92.13	57.62	47411450	93.4532257548481	74.6953730062825	57.9524772065724
rs756529	SNP	TSC0064968	302	0.47	48011008	74.1	92.13	57.62	47444415	93.476717448388	74.7142821588258	57.9708758286439
rs119416	SNP	TSC0099257	202	0.4	48035597	74.1	92.13	57.62	47469004	93.5024685549952	74.7357970141644	57.9841294775711
rs610412	SNP	rs610412	211	0.48	48078202	74.22	92.28	57.62	47511609	93.557095375752	74.7748539607866	58.0090048564239
rs580544	SNP	rs580544	229	0.44	48205426	74.96	93.68	57.62	47638833	93.7624072070763	74.9089237509459	58.08352192508
rs951497	SNP	rs951497	64	0.25	48331520	75	93.68	57.62	47764927	93.9792790274536	75.0573273008013	58.16624686933
rs967305	SNP	rs967305	139	0.47	48459946	75.18	93.68	57.73	47893353	94.2549047429632	75.2495353630557	58.2517826472083
D20S109	STS	AFM165XH2	165	0.9	49069867	75.18	93.68	57.73	48503233	95.6249221735926	76.0196962685205	58.4130747700017
rs718630	SNP	rs718630	211	0.48	49111256	75.4	95.24	57.73	48544663	95.7188658836386	76.0829548781039	58.4436234085946
rs932420	SNP	rs932420	267	0.48	49133069	75.4	95.24	57.73	48566476	95.77312764942	76.121861066226	58.4635939384889
rs941798	SNP	rs941798	136	0.39	49163235	76.08	95.24	57.73	48596642	95.8479855053346	76.1745958314471	58.4920852633888
rs718050	SNP	rs718050	104	0.39	49196930	76.08	95.24	57.73	48630337	95.9301486997255	76.2249975466798	58.5308491033553
D20S897	STS	AFMC010XA9	285	0.36	49272189	76.08	95.24	58.34	48705551	96.1019704363163	76.347406132278	58.6162099839722
D20S869	STS	AFM205TC9	875	0.71	49556602	76.32	95.59	58.34	48989952	96.8931818105633	76.9356371004134	59.0987987926431
D20S196	STS	AFM321XD1	935	0.85	49561756	76.32	95.59	58.34	48994970	96.9088906580639	76.9490196983636	59.1100364192515
rs995480	SNP	rs995480	259	0.53	49778876	76.32	95.59	58.34	49212283	97.6105769754237	77.5048813060283	59.5824153630162
rs926910	SNP	rs926910	227	0.45	49942674	77.34	96.82	59.35	49376081	98.0832055538864	77.896118910612	59.9113086463516
rs6063636	SNP	rs6063636	258	0.46	49954879	77.34	96.82	59.35	49388286	98.1155494294992	77.9256042181531	59.9349842658876
rs768538	SNP	rs768538	280	0.42	50033692	77.65	97.95	59.35	49467099	98.3227777476524	78.1128297966891	60.0813465800321
rs880324	SNP	TSC0215351	184	0.36	50054190	77.65	97.95	59.35	49487597	98.3780107039605	78.1583011159581	60.1159518844175
rs228835	SNP	rs228835	237	0.46	50064246	77.65	97.95	59.35	49497653	98.4040462459572	78.1783204390686	60.1295683812546
D20S857	STS	AFMA244YE9	702	0.87	50108271	78.46	97.95	60.04	49541636	98.5185974725946	78.2668981005118	60.1908688186049
rs737116	SNP	rs737116	294	0.52	50282693	78.46	97.95	60.04	49716100	99.0316998791554	78.6868681841372	60.5233287009717
D20S185	STS	AFM262VF9	111	0.61	50318875	78.46	98.61	60.04	49752129	99.1500298151211	78.7867310755908	60.602098068853
D20S845	STS	AFMA192WB1	544	0.52	50563297	78.46	98.61	60.04	49996526	99.6468474551937	79.2038399150409	60.8779288084777
D20S1083	STS	D20S1083	748	0.63	50634574	78.92	98.61	60.55	50067906	99.7641486514192	79.2876182686665	60.9214878256991
D20S893	STS	AFMB344YE5	119	0.87	50758793	78.92	98.61	60.55	50192199	99.9290149122787	79.4174129151299	60.9830298510186
rs1022689	SNP	rs1022689	223	0.39	50823869	79.25	99.31	60.55	50257276	100.011127412782	79.4765926354766	61.0102208893739
D20S428	STS	UT1747	73	0.67	50903075	79.25	99.31	60.55	50336481	100.112541039741	79.5465437441852	61.0400767756844
D20S450	STS	UT252	71	0.58	50930998	79.25	99.31	60.55	50364404	100.149151069218	79.5680689167066	61.0504553954472
rs2078577	SNP	rs2078577	45	0.09	51007824	79.25	99.31	60.55	50441231	100.248996698403	79.6368640476267	61.0831540533133
D20S839	STS	AFMA153YC9	708	0.73	51021791	79.25	99.31	60.55	50455109	100.265400174146	79.64955956944	61.09030458975
D20S833	STS	AFMA122XC5	425	0.65	51051352	79.25	99.31	60.55	50484747	100.300317965199	79.6766181209886	61.1056412297625
D20S877	STS	AFMB073ZB9	388	0.5	51114162	79.25	99.31	60.55	50547542	100.378615036347	79.7395401011707	61.1449581186795
rs727662	SNP	rs727662	159	0.44	51275465	79.47	99.87	60.55	50708872	100.594223028385	79.9602701317693	61.3454624809355
rs6013496	SNP	rs6013496	294	0.54	51278346	79.47	99.87	60.55	50711753	100.598363090171	79.9645157229966	61.3497745840502
rs856336	SNP	rs856336	136	0.23	51303026	79.47	99.87	60.55	50736433	100.633828805156	80.0008854527746	61.3867140859148
rs2294585	SNP	rs2294585	203	0.46	51310562	79.47	99.87	60.55	50743969	100.644658206619	80.0119908937636	61.397993505933
rs241792	SNP	rs241792	216	0.45	51367978	79.47	99.87	60.55	50801385	100.729425845340	80.103108208426	61.4851617526324
rs1009224	SNP	rs1009224	227	0.52	51388145	79.47	99.87	60.55	50821552	100.759571796974	80.136928197648	61.5202257266101
D20S606	STS	D20S606	652	0.66	51562191	80.2	99.87	61.63	50995598	101.032406350672	80.4953800045532	61.9339796579532
rs13038924	SNP	rs13038924	153	0.39	51699343	80.2	99.87	61.63	51132750	101.268820132023	80.8342649434991	62.3457482136406
rs1936973	SNP	rs1936973	8	0.03	51736174	80.2	99.87	61.63	51169581	101.337639531794	80.935938327949	62.4676964387729
D20S902	STS	AFMC028ZC5	122	0.82	51751419	80.2	99.87	61.63	51184674	101.368913765974	80.9739714928118	62.51185842909
rs916954	SNP	rs916954	192	0.39	51859302	80.91	101.25	62.09	51292709	101.595139505378	81.2639005404401	62.8390765065398
D20S883	STS	AFM211XG9	112	0.66	51903369	81.33	101.25	62.71	51336775	101.702253295429	81.3757399582111	62.9574710497252
rs200613	SNP	rs200613	260	0.47	51957163	81.33	101.25	62.71	51390570	101.838024296219	81.5132958410584	63.0902000246487
D20S854	STS	AFMA233WG1	113	0.54	51996657	81.33	101.25	62.71	51430061	101.952654405389	81.61208902699	63.1903015189696
D20S183	STS	AFM248WB9	541	0.49	52010039	81.33	101.25	62.71	51443388	101.992975058997	81.6444722729451	63.2203863868398
D20S840	STS	AFMA153YF5	635	0.81	52147353	81.49	101.46	62.91	51580740	102.436797622511	81.9898158608597	63.480582837488
D20S211	STS	AFM080YA1	784	0.66	52168619	81.49	101.46	62.91	51601945	102.514006881758	82.042897037403	63.5163215664877
rs2041278	SNP	rs2041278	227	0.42	52268995	81.49	101.46	62.92	51702402	102.907625567605	82.3056925383542	63.6709519560863
D20S876	STS	AFMB069WG1	568	0.68	52347748	81.76	101.98	62.92	51781087	103.230919803607	82.5162882201404	63.7769366108554
rs6126944	SNP	rs6126944	252	0.36	52384462	82.38	102.3	63.19	51817869	103.389691983124	82.6171495298278	63.8286488176282
D20S913	STS	AFMA072ZB9	575	0.6	52501053	82.38	103.14	63.19	51934333	103.943445614782	82.9716947315652	64.0123116119534
rs1476720	SNP	TSC0398574	175	0.35	52528106	82.38	103.14	63.19	51961513	104.082030048262	83.0620615002316	64.0571652232707
rs1476718	SNP	TSC0398572	373	0.47	52528233	82.67	103.14	63.73	51961640	104.082704320615	83.06248900197	64.0573904884403
rs143706	SNP	TSC0068954	290	0.43	52663755	82.87	103.48	63.73	52097162	104.766099952826	83.506569763669	64.3094430852018
rs394732	SNP	TSC0102185	211	0.49	52675188	82.87	103.48	63.73	52108595	104.818672227695	83.5422316836443	64.3302367345159
D20S1085	STS	D20S1085	899	0.91	52681601	83.25	104.16	63.73	52114886	104.847414871755	83.5617613991774	64.3415208225697
rs964293	SNP	rs964293	229	0.49	52816717	83.32	104.2	63.73	52250124	105.482831720363	83.9966557832805	64.6048806354264
rs1418927	SNP	rs1418927	214	0.36	52827293	84.05	105.4	63.73	52260700	105.531966892927	84.0326541982981	64.6275840106624
rs768113	SNP	rs768113	23	0.06	52934685	84.05	105.4	63.73	52368092	105.956549687437	84.3557741859004	64.8786525463243
rs1293153	SNP	rs1293153	193	0.41	52951047	84.05	105.4	63.73	52384454	106.018138214468	84.4055003571604	64.9150078672925
rs1407043	SNP	rs1407043	143	0.33	53004987	84.05	105.4	64.44	52438394	106.219119424266	84.5695070704905	65.033830725057
D20S120	STS	AFM276XH1	143	0.88	53005482	84.05	105.4	65.36	52438867	106.220957004998	84.5709773184503	65.034980480794
rs967377	SNP	rs967377	250	0.42	53222217	85.15	106.36	65.36	52655624	106.862494186445	85.1150014991546	65.5169448034604
D20S468	STS	D20S468	330	0.77	53459303	85.15	106.36	65.36	52892709	107.195007395917	85.530479008973	65.9800802622879
D20S60	STS	IP20M01	168	0.79	53565647	85.39	106.36	65.79	52999053	107.305038033757	85.7101134989837	66.1955932413282
D20S469	STS	GGAA11E12	564	0.5	53638895	85.39	106.36	65.79	53072302	107.363363768497	85.8252746076677	66.3398634075034
D20S39	STS	IP20M41	84	0.55	53669725	85.39	106.36	65.79	53103131	107.388597602987	85.8728803844576	66.3957036676988
rs767971	SNP	rs767971	187	0.41	53706622	85.39	106.4	65.79	53140029	107.417925268968	85.9297258334205	66.4634618718619
D20S1082	STS	D20S1082	338	0.68	53865887	85.39	106.4	65.79	53299232	107.554172618791	86.1756701084924	66.7566970025636
D20S853	STS	AFMA225WE9	262	0.53	53872499	85.39	106.4	65.79	53305855	107.560381555334	86.1852202095841	66.7691945838155
D20S832	STS	AFMA114YA5	418	0.52	53895474	85.39	106.4	65.79	53328749	107.583016225556	86.2198774095146	66.8120861485392
D20S52	STS	IP20M48	138	0.84	54260242	86.7	106.4	67.14	53693648	107.905558497002	86.7483561822123	67.5124590319549
D20S100	STS	AFM057XA3	1132	0.71	54314065	86.7	107.71	67.14	53747459	107.962137815095	86.8237090822228	67.637188122123
rs721437	SNP	rs721437	11	0.03	54317795	86.7	107.71	67.14	53751202	107.966291215698	86.8286295409431	67.6444549407774
rs914433	SNP	rs914433	215	0.42	54511502	86.7	107.71	67.14	53944909	108.334305175182	87.1732021080741	68.0249066751099
rs6092305	SNP	rs6092305	156	0.28	54924176	87.36	108.07	68.48	54357583	109.748536545528	88.2762761924216	68.9072754651303
rs6024840	SNP	rs6024840	205	0.33	54956707	87.36	108.07	68.48	54390114	109.936635112911	88.4168916275247	68.9962678817435
rs911160	SNP	TSC0193134	218	0.34	54957563	87.36	108.07	68.48	54390970	109.941856597317	88.4208674822681	68.9987404133928
D20S102	STS	AFM066XH3	420	0.68	54991375	87.84	108.75	68.48	54424781	110.143865061361	88.575512435057	69.0951128944025
rs735780	SNP	TSC0029030	8	0.01	55009147	88.18	109.16	68.48	54442554	110.239010380134	88.6505475741864	69.1424043506681
rs1884910	SNP	TSC0901005	209	0.46	55026741	88.52	109.56	68.48	54460148	110.333202746694	88.7248311797368	69.1892221472886
rs1570530	SNP	rs1570530	282	0.53	55155404	88.83	110.2	68.48	54588811	110.967463650743	89.1865420608609	69.5058384203911
rs1720	SNP	WIAF-3684	11	0.03	55213082	88.85	110.47	68.48	54646489	111.223527207568	89.376938673804	69.6282973633744
rs4810033	SNP	rs4810033	286	0.43	55264023	88.87	110.75	68.48	54697430	111.449368553396	89.5346805473825	69.730684959735
rs2426641	SNP	rs2426641	175	0.34	55292260	89.14	110.75	69.18	54725667	111.578941177069	89.6255007081767	69.7889718797541
rs2426658	SNP	rs2426658	281	0.45	55297670	89.14	110.75	69.18	54731077	111.603766331798	89.6429011781238	69.8001392217983
D20S149	STS	UT488	82	0.65	55514140	90.39	112.57	69.44	54947337	112.614692470792	90.474366508668	70.2107605454006
rs1022664	SNP	TSC0227686	463	0.5	55586146	90.44	112.6	69.51	55019553	113.045518397524	90.726604606207	70.3466675958502
D20S158	STS	UT5015	762	0.82	55589222	90.72	112.6	70.27	55022420	113.063274775918	90.7341534385505	70.3511996194957
rs869138	SNP	rs869138	62	0.1	55628436	90.72	112.6	70.27	55061843	113.259595332743	90.8299831216368	70.4097979228589
rs1276397	SNP	rs1276397	285	0.48	55630747	90.72	112.6	70.27	55064154	113.267547703769	90.8355818136476	70.4133503131865
rs4811800	SNP	rs4811800	328	0.52	55663870	90.72	112.6	70.27	55097277	113.381527100346	90.9158265022987	70.4642658583277
rs186659	SNP	rs186659	190	0.44	55806340	90.72	112.6	70.27	55239747	113.846172843946	91.2748090893127	70.6976848664984
rs911901	SNP	rs911901	216	0.44	55952187	90.72	112.6	70.27	55385594	114.294998689082	91.690930760784	70.9699586600164
rs6025625	SNP	rs6025625	149	0.25	56131817	91.14	113.56	70.27	55565223	114.800521597526	92.0695948508539	71.2757482249768
rs1328757	SNP	rs1328757	232	0.49	56135199	91.14	113.56	70.27	55568605	114.807635849161	92.074781062672	71.2799879588938
rs2071023	SNP	rs2071023	270	0.45	56135934	91.14	113.56	70.27	55569340	114.809181968307	92.0759081666598	71.2809093676546
D20S1148	STS	D20S1148	71	0.83	56140843	91.14	113.56	70.27	55574249	114.819293707662	92.0838266501652	71.2871478003244
D20S430	STS	UT2447	349	0.69	56150061	91.82	114.17	70.33	55583209	114.833891477953	92.1066849443681	71.3005887229505
D20S451	STS	UT254	55	0.77	56664529	93.68	114.78	72.53	56097934	117.164148869566	94.103144962436	72.685877750971
rs1537480	SNP	rs1537480	295	0.49	56848576	94.42	117.42	72.55	56281982	117.9209312821	94.7585771091975	73.3001159594708
rs567515	SNP	rs567515	324	0.48	56877437	94.42	117.42	72.55	56310843	118.012474507117	94.8487296416645	73.3881928797982
rs556933	SNP	rs556933	293	0.49	56890340	94.42	117.42	72.55	56323746	118.052471524956	94.8888692228055	73.4287643710396
rs511145	SNP	rs511145	294	0.56	56903898	94.42	117.42	72.55	56337304	118.094498926944	94.9310464250925	73.4713954086471
rs910860	SNP	rs910860	181	0.36	57003774	94.42	117.42	72.55	56437180	118.407450129463	95.2716949408969	73.8093798869782
D20S164	STS	UT1772	616	0.6	57053356	94.42	117.42	73.43	56486760	118.589145949206	95.4602645922193	73.9930011085876
rs1077350	SNP	rs1077350	172	0.27	57072048	95.61	118.85	73.43	56505454	118.663665211193	95.5269445883437	74.0606691437013
rs2208087	SNP	TSC1264989	253	0.59	57086674	95.61	118.85	73.85	56520080	118.721416900347	95.5782617695618	74.113108018626
D20S94	STS	D20S94	268	0.48	57495457	96.67	118.85	75.71	56928715	119.894197798426	96.7230545154	75.4747126305393
rs259998	SNP	TSC0298531	179	0.35	57777753	96.67	118.85	75.71	57211148	120.512111675984	97.390562548016	76.3933548522614
D20S171	STS	D20S171	1186	0.8	57808030	96.67	118.85	75.71	57241283	120.580584988426	97.4530906394018	76.4705554349099
rs259966	SNP	TSC1102028	284	0.51	57819536	96.67	118.85	75.71	57252931	120.60660652071	97.4768528423771	76.4998935431753
rs1407538	SNP	TSC0596036	197	0.39	57855898	96.67	118.85	75.71	57289293	120.685360909655	97.556840091161	76.6005368580025
rs155004	SNP	rs155004	287	0.44	57870356	96.67	118.85	75.71	57303751	120.716654891618	97.5886718540941	76.6405989842548
rs748543	SNP	rs748543	171	0.49	57980909	97.46	121.21	75.71	57414304	120.931869970602	97.864080739712	77.0526655997178
rs6027010	SNP	rs6027010	236	0.38	58206091	98.55	121.21	77.75	57639486	121.325366441823	98.5566603462348	78.0865704472797
rs1555364	SNP	rs1555364	247	0.44	58210870	98.55	121.21	77.75	57644265	121.333249027978	98.5725334699658	78.1114256891466
rs1116089	SNP	rs1116089	178	0.32	58216025	98.55	121.21	77.75	57649420	121.34175179668	98.5896554521448	78.1382364804888
rs1412197	SNP	rs1412197	1	0.01	58675154	99.38	121.21	79.53	58108549	122.044199802884	100.343989145926	80.94394082522
rs1570160	SNP	rs1570160	283	0.51	58740406	99.54	121.21	79.63	58173801	122.135948410445	100.612460627267	81.3698189189121
rs1381100	SNP	TSC0542230	145	0.33	58839876	100.11	121.21	80.68	58273271	122.269735321398	101.061165755394	82.1280974625117
D20S173	STS	AFM218XE7	117	0.59	58878008	100.11	121.21	80.68	58311347	122.30505072387	101.245957255010	82.4411971482343
rs354731	SNP	rs354731	201	0.42	58951428	100.11	121.21	80.68	58384823	122.364569525283	101.616190186019	83.0804071455874
rs2017274	SNP	rs2017274	221	0.46	59469011	104.26	121.65	87.91	58902406	122.881059745154	104.308920290003	87.8287277098724
rs2017286	SNP	rs2017286	168	0.43	59469127	104.26	121.65	87.91	58902522	122.881202176929	104.309619911011	87.8300224065532
rs6101118	SNP	rs6101118	172	0.41	59486774	104.26	121.88	87.91	58920169	122.902870224617	104.416052772478	88.0269837197105
rs6071446	SNP	rs6071446	258	0.38	59524017	104.26	121.88	87.91	58957412	122.954555187007	104.646386572498	88.4456724125508
rs1892326	SNP	rs1892326	112	0.25	59949170	106.3	122.22	91.54	59382565	123.518772487535	106.784597543034	92.3279478752913
rs1316449	SNP	rs1316449	412	0.5	59978364	106.3	122.22	91.54	59411759	123.549025570142	106.927827180030	92.5914346981387
rs932878	SNP	rs932878	261	0.42	60009487	106.3	122.22	91.54	59442882	123.580823050416	107.085643259525	92.8794927969757
rs1001583	SNP	rs1001583	301	0.55	60057411	106.3	123.19	91.54	59490806	123.628939287641	107.334970864971	93.3287329596002
rs944257	SNP	rs944257	131	0.48	60248694	108.15	123.19	94.83	59682089	123.848620727749	108.365013371673	95.2094930378955
rs2026162	SNP	rs2026162	263	0.54	60270858	108.64	123.19	95.68	59704253	123.87906149105	108.471957953807	95.4001802544331
rs1972	SNP	WIAF-3937	18	0.07	60775932	109.83	123.8	99.1	60209327	124.523455867926	110.439867522314	98.7937266960308
rs2184157	SNP	rs2184157	259	0.49	60777155	110.74	124.42	99.22	60210550	124.524721427998	110.444214567752	98.8011585406343
rs910928	SNP	rs910928	279	0.43	61720769	112.01	124.42	102.2	61191214	125.232012958337	113.077698852365	103.519096771486
rs736379	SNP	rs736379	238	0.59	61771317	112.01	124.42	102.2	61241762	125.254243927177	113.187098566630	103.709207463389
rs720607	SNP	rs720607	203	0.49	61895909	112.91	124.42	102.64	61366354	125.297690821929	113.445614414258	104.153690583542
rs1406961	SNP	rs1406961	61	0.13	61895920	113.66	124.42	102.64	61366365	125.297693883539	113.445637587503	104.153727636137
rs816943	SNP	rs816943	257	0.49	62676009	113.66	124.42	105.82	62146453	125.398202572630	114.533207167417	106.079373198359
rs379042	SNP	rs379042	240	0.51	62795555	114.32	124.42	105.82	62265999	125.637376089497	114.622355042431	106.261981593778
rs912239	SNP	rs912239	208	0.41	62846531	114.32	124.42	105.82	62316975	125.739500912048	114.658155839082	106.330520249427
rs8120950	SNP	rs8120950	185	0.27	62848286	114.32	124.42	105.82	62318730	125.743016861977	114.659408441757	106.332836126381
rs17878941	SNP	rs17878941	220	0.31	62896665	114.32	124.42	105.82	62367109	125.83993887999	114.720361160093	106.400860038527
rs6089801	SNP	rs6089801	362	0.53	62911391	114.32	124.42	105.82	62381835	125.869440805149	114.741175726426	106.421923747768
