Markers_name	Type	Alias	Informative_meioses	Heterozygosity	Build37_map_physical_position	Sex.averaged_map_position	Female_map_position	Male_map_position	Build36_map_physical_position	Female_map_position_smoothed	Sex.averaged_map_position_smoothed	Male_map_position_smoothed
D21S369	STS	ABMC15	376	0.59	14756349	0	0	0	13678219	0	0	0
D21S1993	STS	D21S1993	603	0.47	15453806	1.23	3.37	0	14375437	3.92633052917039	2.58879627020010	1.33538403786435
rs2822436	SNP	rs2822436	245	0.36	15526090	2.51	4.98	0.66	14447961	4.31094035240655	2.83825528337257	1.46565662961405
D21S408	STS	ABMC53	300	0.51	15684707	2.51	4.98	0.66	14606577	5.12911617852864	3.37248410836033	1.74843758358063
D21S120	STS	D21S120	859	0.65	15762154	2.51	4.98	0.66	14684025	5.51569803650203	3.62657006799026	1.88494954923029
rs973470	SNP	rs973470	62	0.12	15833826	2.51	4.98	0.66	14755697	5.8669406712064	3.85114874363098	2.01038693284391
rs723856	SNP	rs723856	39	0.13	15849705	2.51	4.98	0.66	14771576	5.94382109348246	3.90197435954467	2.03805740742741
rs723855	SNP	rs723855	105	0.38	15849874	2.51	4.98	0.66	14771745	5.94463933086294	3.90251529594428	2.03835190394512
D21S236	STS	JA5B	347	0.69	15865840	2.51	4.98	0.66	14787701	6.0217910159529	3.95354377356693	2.06615698948194
rs990141	SNP	rs990141	183	0.47	16087804	4.33	7.14	2.08	15009675	7.05231389442773	4.643248521533	2.44889362006733
D21S1911	STS	AFM289YH9	659	0.54	16140736	4.33	7.14	2.08	15062606	7.28834476910732	4.80287006194914	2.53954339264146
rs926130	SNP	rs926130	299	0.51	16214917	4.33	7.14	2.44	15136788	7.61615895999095	5.02357643932259	2.66652019838486
rs909389	SNP	rs909389	288	0.52	16255960	4.76	7.61	2.44	15177831	7.79474242389431	5.14436141267702	2.73685012395843
rs2739526	SNP	rs2739526	351	0.48	16298857	4.76	7.61	2.44	15220728	7.97918578025754	5.26964179785972	2.81049008258754
rs2822987	SNP	rs2822987	236	0.47	16330894	5	8.08	2.46	15252765	8.11533795068044	5.36249527949542	2.86562545103623
rs1005526	SNP	TSC0082063	397	0.49	16466610	5.46	8.74	2.66	15388481	8.67906273905124	5.75071889732991	3.10093570592757
D21S1431	STS	ACT2E10	630	0.5	16472531	5.46	8.74	2.66	15394224	8.7031382086289	5.76745999015248	3.11128959820858
D21S1904	STS	AFMB356WG1	491	0.52	16510397	5.46	8.74	2.66	15432238	8.85638283924456	5.87427802777581	3.17763749544496
rs926166	SNP	TSC0242217	229	0.36	16516064	5.46	8.74	2.66	15437935	8.87914963622538	5.89020758967006	3.18759784764228
rs2014048	SNP	rs2014048	60	0.13	16522346	5.46	8.74	2.66	15444217	8.90438715495371	5.9078658758567	3.19863912742057
rs1014526	SNP	TSC0096185	235	0.4	16549778	5.46	8.74	2.66	15471649	9.01117816709162	5.9847523744624	3.24698980081071
D21S1234	STS	ABMC37B	249	0.69	16843908	6.37	11.15	2.66	15765778	10.1317436648888	6.78214105101252	3.7719483703572
D21S172	STS	1H9	397	0.74	16938493	6.37	11.15	2.66	15860274	10.4702927403229	7.02460297342005	3.93405090713074
rs366592	SNP	rs366592	300	0.44	17334568	6.86	11.15	2.93	16256439	11.6988762346562	7.8369123705399	4.46447986522591
rs444390	SNP	rs444390	259	0.44	17340801	6.86	11.15	2.93	16262672	11.7152505305765	7.8475095464994	4.47081683193935
D21S1432	STS	GATA11C12	643	0.69	17343446	6.93	11.15	3.47	16265317	11.7221990325353	7.85200650308737	4.47350595065539
D21S1410	STS	UT1313	368	0.35	17435896	6.93	11.15	3.68	16357749	11.947650415706	7.99664727586823	4.58113943779315
rs1319028	SNP	rs1319028	110	0.53	17530674	6.93	11.15	3.68	16452545	12.1540347384208	8.14817395246042	4.70544494830668
rs983530	SNP	rs983530	249	0.46	17577779	7.07	11.3	3.68	16499650	12.2634411501937	8.22211021796138	4.76913590130963
rs189457	SNP	rs189457	261	0.47	17664676	7.07	11.3	4.52	16586547	12.4587205803654	8.36303002881113	4.88243269324877
D21S1886	STS	AFMA136YA5	404	0.34	17729743	8.03	12.63	4.52	16651613	12.6234855522724	8.47956793912078	4.96700683412877
rs427761	SNP	TSC0169292	347	0.48	17743053	8.03	12.77	4.52	16664924	12.6575302939777	8.50222036132197	4.98531955043208
rs1449520	SNP	TSC0675776	307	0.46	17755450	8.03	12.77	4.52	16677321	12.6892397352189	8.52331893968621	5.00237610520383
rs1900938	SNP	rs1900938	233	0.43	17775056	8.49	13.57	4.52	16696927	12.7404874650076	8.55832867440534	5.03005164331571
rs2824056	SNP	rs2824056	267	0.46	18174029	8.49	13.57	4.52	17095900	13.8331389347522	9.33070342244003	5.56749942560182
D21S110	STS	P21-4U	237	0.37	18215515	8.92	13.57	4.99	17137385	13.9522728998139	9.41442110225148	5.61812415561397
rs418989	SNP	rs418989	140	0.26	18235434	8.92	13.57	5.12	17157305	14.0122223751843	9.45517999212146	5.64093756473072
rs390246	SNP	rs390246	208	0.33	18257801	8.92	13.57	5.12	17179672	14.0847510918655	9.50217954716313	5.66506050357629
rs1075036	SNP	rs1075036	129	0.38	18319788	8.94	14.2	5.12	17241659	14.2853765070694	9.63315850890617	5.72926970558604
rs172136	SNP	rs172136	97	0.24	18583626	9	14.43	5.12	17505497	15.3459337040423	10.2726150089002	5.95723508261855
rs1999288	SNP	rs1999288	204	0.48	18774306	9	14.43	5.12	17696177	16.5516281412609	10.9032098585048	6.05814472928606
rs12034	SNP	rs12034	268	0.51	18942223	10.12	16.32	5.12	17864094	17.5165013366591	11.4349141539764	6.13627048525831
rs728016	SNP	rs728016	230	0.36	19046679	11.32	18.45	5.23	17968550	18.1053920459260	11.7431810768297	6.17745452753412
rs2824447	SNP	rs2824447	244	0.43	19065456	11.32	18.45	5.23	17987327	18.2143664546715	11.8011452478552	6.18428287899637
D21S1256	STS	AFM284XE9	881	0.76	19322765	11.6	18.45	5.23	18244526	19.7226903340398	12.5970191324893	6.27245905759273
rs197523	SNP	TSC1261574	223	0.41	19337261	11.62	18.45	5.48	18259132	19.8111356604561	12.6433010668496	6.27736803536666
rs197548	SNP	TSC0753127	351	0.5	19357253	11.62	18.99	5.48	18279124	19.9327269726283	12.7070695179132	6.28364068680743
rs149785	SNP	TSC0569378	351	0.38	19381679	11.62	18.99	5.48	18303550	20.0809483281550	12.7849113346439	6.29116196131895
D21S1418	STS	ABMC65|D21S409	440	0.73	19539437	12.31	20.34	5.48	18461307	21.0380982044569	13.2831169361947	6.34473872822922
D21S364	STS	ABMC2	431	0.6	19583389	12.8	21.22	5.77	18505259	21.2987754360649	13.4250643763756	6.36095656372665
rs1573442	SNP	rs1573442	319	0.54	19678760	12.98	21.59	5.77	18600631	21.8394062953548	13.7178995576817	6.3978456334991
D21S406	STS	ABMC52	304	0.54	19680615	13.17	21.91	5.77	18602485	21.8496004037421	13.7233707378749	6.39859147730256
D21S1433	STS	D21S1433	151	0.83	19768959	14.26	23.92	5.77	18690830	22.2864385987663	13.9623070270384	6.43623672996992
rs727150	SNP	rs727150	223	0.47	19843041	14.26	23.92	5.77	18764912	22.6405270131554	14.1553926505696	6.47233694887574
rs966179	SNP	rs966179	68	0.14	19886687	14.26	23.92	5.77	18808558	22.8402903683602	14.2683518507924	6.49387596303432
D21S1899	STS	AFMB321WF5	1045	0.88	20067783	14.26	23.92	5.77	18989572	23.7493727989716	14.7621680661127	6.59440166064585
rs1156335	SNP	TSC0324387	333	0.45	20103839	14.36	24.14	5.77	19025710	23.9120061230960	14.8559419068699	6.61642427075933
rs952976	SNP	rs952976	242	0.52	20151625	14.36	24.14	5.77	19073496	24.1036974657756	14.9652586978263	6.64690464445741
D21S366	STS	ABMC3	362	0.65	20336918	14.36	24.14	5.77	19258788	24.7635145784647	15.3533927548796	6.77235055027092
rs2825276	SNP	rs2825276	200	0.45	20395279	14.36	24.14	5.77	19317150	24.9614468783230	15.467033265324	6.81273025840596
rs12483141	SNP	rs12483141	138	0.25	20457709	14.36	24.14	5.77	19379580	25.1484450504408	15.5765429503557	6.85730438801831
rs7278609	SNP	rs7278609	281	0.44	20473664	14.36	24.14	5.77	19395535	25.1944276027106	15.6066907150446	6.86899732332118
rs2825360	SNP	rs2825360	220	0.4	20492163	14.86	24.85	6.09	19414034	25.2467547011086	15.6404079928965	6.88249456156415
D21S1414	STS	UT7927	1225	0.78	20554316	14.86	24.85	6.09	19476138	25.4073036749866	15.7365308308053	6.92992960686339
rs2825416	SNP	rs2825416	222	0.47	20581252	14.86	24.85	6.1	19503123	25.4743417880338	15.7791248988982	6.95145916749224
rs1808093	SNP	rs1808093	266	0.51	20760528	14.86	24.85	6.11	19682399	25.865023898814	16.0487692829446	7.09656718662234
D21S1905	STS	AFMB361YE9	124	0.74	20944645	16.01	26.5	6.79	19866424	26.2146820954431	16.2962752141317	7.25777331846338
rs468280	SNP	rs468280	115	0.25	21162674	16.01	26.5	6.93	20084545	26.7917736754570	16.6449065747847	7.4331556835511
rs2825875	SNP	rs2825875	224	0.48	21266155	16.01	26.5	6.93	20188026	27.1656768143929	16.8313179724515	7.49816187273656
D21S1436	STS	GGAA2E02	177	0.75	21342465	16.45	27.29	6.93	20264243	27.4514096553252	16.9781696033717	7.5432583696771
D21S2053	STS	D21S2053	852	0.69	21356121	16.45	27.29	6.93	20277976	27.5027890557774	17.0052048419423	7.55122438623205
D21S1438	STS	ATA19C05	122	0.62	21501004	16.45	27.29	6.93	20422874	28.057294981485	17.2981349158904	7.64104708798463
rs1034349	SNP	TSC0338286	114	0.21	21535568	16.45	27.29	6.93	20457439	28.1899412249892	17.3712384322175	7.66405775948349
rs17204	SNP	WIAF-599	28	0.22	21558259	16.45	27.29	6.93	20480130	28.2759304364351	17.4198005265630	7.67974649548283
rs953681	SNP	rs953681	37	0.12	21587287	16.45	27.29	6.93	20509158	28.3867858969657	17.4829524072598	7.70043639395298
D21S1240	STS	UT656	86	0.64	21598664	16.99	28.48	6.93	20520446	28.4300822094892	17.5075547084925	7.70868986764363
D21S1437	STS	GGAA3C07	168	0.79	21646839	17.28	29.14	6.93	20568710	28.6112987703476	17.6105043131175	7.74421605499421
rs2826327	SNP	rs2826327	242	0.5	21863435	17.28	29.14	6.93	20785306	29.4373789116074	18.1241238308237	7.93347523050743
rs928859	SNP	rs928859	196	0.39	21886218	17.28	29.14	6.93	20808089	29.5236464591716	18.1799912007865	7.95641584495515
rs724840	SNP	rs724840	243	0.43	21895848	17.28	29.14	6.93	20817719	29.5599000944330	18.2034486234640	7.96591712046837
rs1994100	SNP	rs1994100	97	0.19	22031427	17.32	30.08	6.93	20953298	30.0665405225779	18.5274476302598	8.08574349760283
D21S1902	STS	AFM268XG1	90	0.47	22130268	17.69	30.23	6.93	21052138	30.4516951619857	18.7597021496191	8.17085760747547
rs2014533	SNP	rs2014533	238	0.41	22191361	17.74	30.25	6.93	21113232	30.673596865329	18.9029718745677	8.229530480284
D21S1441	STS	ATA9H02	105	0.63	22244971	17.74	30.95	6.93	21166842	30.868039880636	19.0294847192662	8.28245591760636
D21S1922	STS	AFMA104YB5	123	0.59	22298820	18.68	30.98	7.62	21220615	31.0482384206533	19.1506973485589	8.34201636144624
rs1888415	SNP	rs1888415	266	0.34	22299425	18.68	30.98	7.62	21221296	31.0501781190498	19.1520093648843	8.34270699503649
D21S414	STS	ABMC21	448	0.72	22428778	18.92	31.3	8.21	21350648	31.4767569166393	19.4421841120028	8.48019430709051
rs1598	SNP	WIAF-3562	94	0.38	22556084	19.33	31.47	8.21	21477955	31.8598213294900	19.7152580659631	8.62315539736713
rs766090	SNP	TSC0070617	339	0.42	22608321	19.43	31.51	8.21	21530192	32.0063658715106	19.8256553836463	8.68353928546829
D21S1884	STS	AFMA116YG1	633	0.58	22627154	19.43	31.85	8.21	21548909	32.0571148373837	19.8648869225594	8.70525919790429
rs1444355	SNP	TSC0666672	325	0.41	22682500	19.43	31.85	8.21	21604371	32.2065762587599	19.9768282229106	8.76859281919836
rs232466	SNP	TSC1236141	203	0.32	22696146	19.43	31.85	8.21	21618017	32.2431854258334	20.0041640145863	8.78413534272959
D21S214	STS	D21S214	310	0.83	22715524	19.43	31.85	8.21	21637394	32.294555773557	20.0422389937134	8.80602569821424
rs962788	SNP	rs962788	193	0.37	22789290	19.61	31.85	8.21	21711161	32.4865448358071	20.1816824462531	8.88885688319962
rs1073609	SNP	rs1073609	68	0.16	22825940	19.61	31.85	8.21	21747811	32.5814422467031	20.2559828895762	8.9302457254494
rs2258630	SNP	rs2258630	270	0.43	22976740	19.78	32.96	8.21	21898611	32.9422625890878	20.5363795942352	9.10386959465405
rs723929	SNP	rs723929	49	0.14	22992942	19.78	32.96	8.21	21914813	32.9783456190398	20.5642539577526	9.12217727197857
rs1783400	SNP	rs1783400	209	0.46	23104425	19.78	32.96	8.21	22026296	33.2097339503373	20.7552213931790	9.24912874502442
rs1155463	SNP	rs1155463	199	0.39	23140523	19.78	32.96	8.21	22062394	33.2814291815952	20.8113047725098	9.28868438826909
D21S1994	STS	D21S1994	81	0.52	23147045	19.78	32.96	8.21	22068916	33.2944269697726	20.8210884065421	9.29544936100731
D21S368	STS	ABMC13	303	0.67	23233514	19.78	32.96	8.21	22155384	33.4553505841407	20.9494702179749	9.3819962355201
rs991225	SNP	rs991225	302	0.54	23299361	20.28	32.96	8.83	22221232	33.5652166809179	21.0403291194073	9.44382609377396
D21S1918	STS	AFMA081WF1	107	0.54	23303100	20.28	32.96	8.83	22224957	33.5713408787172	21.0451777981758	9.44694762368952
rs725745	SNP	rs725745	233	0.52	23841677	21.04	33.99	9.2	22763548	34.3584363601835	21.5186293646518	9.75408094988733
rs881116	SNP	rs881116	203	0.46	23841788	21.04	34.01	9.2	22763659	34.3585611381576	21.5187047496111	9.7541398778168
rs723649	SNP	rs723649	211	0.4	24024800	21.04	34.14	9.2	22946671	34.5232415605885	21.6534060632727	9.86290838391145
rs767055	SNP	rs767055	261	0.49	24333621	21.04	34.48	9.2	23255492	34.7138521029007	21.8684100744656	10.0657515579356
D21S1409	STS	UT1305	711	0.73	24348727	21.04	34.48	9.2	23270587	34.7287820400159	21.8840904678699	10.0801323332493
rs244277	SNP	rs244277	136	0.42	24395510	21.04	34.9	9.2	23317381	34.7761866845	21.9379968108365	10.1246242890496
rs1459395	SNP	rs1459395	60	0.17	24597271	21.69	35	9.53	23519142	35.0081344718301	22.1772593247911	10.3523313096222
D21S1257	STS	AFM294WE1	752	0.82	24813860	21.69	35	9.79	23735675	35.4550313997802	22.6283343104522	10.7877344006784
D21S1250	STS	UT1332	74	0.55	24946724	21.69	35	9.79	23868567	35.7771052017454	22.9458626691101	11.1040252477888
rs975447	SNP	rs975447	185	0.39	24965974	22.06	35	10.36	23887845	35.8179473354875	22.9841018179016	11.1412799261971
rs2828435	SNP	rs2828435	253	0.46	25070036	22.06	35.08	10.36	23991907	36.037380046215	23.1929400299501	11.3365293788177
rs207488	SNP	rs207488	144	0.24	25213719	22.06	35.08	10.36	24135590	36.3560218041806	23.4926547241226	11.6159801847661
D21S1892	STS	AFM205WG9	85	0.62	25236857	22.1	35.08	10.53	24158695	36.4089208074139	23.5412548792769	11.6592023320165
D21S1251	STS	UT1333	32	0.64	25237445	22.36	35.23	10.55	24159135	36.4102479332613	23.5423791547921	11.6603049656981
D21S1244	STS	UT761	850	0.71	25269133	22.63	36.04	10.55	24190956	36.4817682799457	23.6029676624901	11.7197271699555
D21S272	STS	AFM206XG5	103	0.62	25378523	22.63	36.04	10.55	24300291	36.7257911328938	23.8246591089507	11.9148626175370
rs988833	SNP	TSC0308467	213	0.42	25395815	22.63	36.04	10.55	24317686	36.7655660808988	23.8596649847436	11.9438777902799
rs756524	SNP	rs756524	24	0.06	25440654	23.06	36.25	11.12	24362525	36.8667296157435	23.9489903952763	12.0150890755795
rs1024318	SNP	TSC0247438	410	0.47	25553212	23.75	37.17	11.63	24475083	37.1080327162044	24.1580940739438	12.1909611492301
D21S367	STS	ABMC7	336	0.83	25579059	23.75	37.17	11.63	24500929	37.1625262561265	24.2070958062976	12.2312957233123
rs1910615	SNP	rs1910615	93	0.22	25591285	23.99	37.2	11.88	24513156	37.1881425010643	24.2294963623378	12.2499891778903
rs1910614	SNP	TSC0958382	195	0.23	25591352	23.99	37.4	11.88	24513223	37.1882813613525	24.2296117288731	12.2500879589634
rs975170	SNP	TSC0287205	291	0.53	25599745	23.99	37.4	11.88	24521616	37.2056762031186	24.2440635397786	12.2624621313071
D21S1914	STS	AFM344WF5	1105	0.86	25622401	23.99	37.4	11.88	24544187	37.2526317059249	24.2830746475917	12.2958648774787
rs1892776	SNP	rs1892776	296	0.48	25711841	23.99	37.4	12.26	24633712	37.4411415086945	24.4531344169324	12.4308159397447
rs727680	SNP	rs727680	46	0.07	25756232	23.99	37.4	12.26	24678103	37.5430392626721	24.5465279099931	12.5056095969465
D21S1264	STS	ABMC57	253	0.75	25759715	23.99	37.4	12.26	24681585	37.5513167018610	24.5540017264886	12.5118589275395
rs2829150	SNP	rs2829150	220	0.51	25894735	24.77	38.56	12.26	24816606	37.897301296817	24.8449631920528	12.7439789082603
rs2829614	SNP	rs2829614	207	0.58	26556824	24.81	38.58	12.26	25478695	38.7930893837877	25.5367397450780	13.0821022925476
D21S1907	STS	AFM277ZD5	552	0.56	26566612	24.81	38.62	12.26	25488462	38.7955474481924	25.5388999073079	13.0837606126116
rs2829629	SNP	rs2829629	201	0.28	26572876	24.81	38.62	12.26	25494747	38.7971205290497	25.5402823405126	13.0848218832370
D21S1422	STS	D21S1422	45	0.17	26739959	24.88	38.89	12.26	25661830	38.8414371635151	25.5806687139667	13.1128065053774
D21S265	STS	AFM234WA5	690	0.79	26919487	24.88	38.89	12.26	25841347	38.9386501045501	25.6456027046642	13.1455363353405
rs1012722	SNP	rs1012722	175	0.51	27199100	25.19	38.89	12.26	26120971	39.2831087848513	25.8717533502535	13.2174023447345
rs1041731	SNP	rs1041731	248	0.49	27225043	25.19	38.89	12.26	26146914	39.3207112277768	25.8970329433246	13.2277978375858
rs2829966	SNP	rs2829966	273	0.52	27254194	25.19	38.89	12.26	26176065	39.3682689602365	25.9288919696123	13.2415586014026
rs1145	SNP	rs1145	42	0.19	27260014	25.19	38.89	12.26	26181885	39.3796894771482	25.9364479840005	13.2450288196179
rs1876064	SNP	rs1876064	149	0.34	27260811	25.19	38.89	12.26	26182682	39.3812534207871	25.9374827165550	13.2455040367858
D21S1253	STS	AFM270XC1	886	0.79	27434433	25.19	38.89	12.77	26356281	39.8327166233411	26.2121825379245	13.4310470785766
rs2830072	SNP	rs2830072	316	0.49	27500660	25.19	38.89	12.77	26422531	40.0158227184242	26.3258918493161	13.5046732389542
D21S1443	STS	GATA26A04	87	0.59	27522829	25.19	38.89	12.77	26444682	40.0761859932657	26.3653483467739	13.5301423201966
D21S1896	STS	AFMB291YB9	103	0.53	27824129	25.98	41.28	12.77	26745933	41.1724576396747	27.0398908922408	13.9488915063507
D21S1435	STS	D21S1435	892	0.78	27848874	26.37	41.28	12.92	26770745	41.2789715459958	27.1075430456266	13.9825751338318
rs966410	SNP	rs966410	230	0.47	27852724	26.37	41.28	13.09	26774595	41.2959966489677	27.1183476981955	13.9876519807716
rs2830252	SNP	rs2830252	247	0.47	27854701	26.65	41.28	13.09	26776572	41.3047391498963	27.1238959574497	13.9902589746417
D21S260	STS	AFM147XB12	613	0.62	27971461	26.65	41.28	13.09	26893301	41.8365965020335	27.4598040620719	14.1437743713950
D21S269	STS	AFM263XF5	701	0.67	28001184	26.65	41.28	13.09	26922995	41.9755872363142	27.5448502445641	14.1844854665125
D21S111	STS	PCW21PCQ	307	0.45	28025421	26.65	41.73	13.09	26947291	42.0850527519078	27.6143527646758	14.2185169731511
rs226304	SNP	rs226304	272	0.44	28049880	26.98	41.73	13.85	26971751	42.1956105460013	27.6851395646667	14.2528348605711
rs871416	SNP	rs871416	121	0.21	28061023	26.98	41.73	13.85	26982894	42.2460181724897	27.717676485684	14.2684580967897
rs773	SNP	WIAF-4546	89	0.42	28070696	26.98	41.73	13.85	26992567	42.2897759550457	27.7459210909968	14.2820202940384
rs17063	SNP	WIAF-4580	102	0.43	28070777	26.98	41.73	13.85	26992648	42.2901423750175	27.7461576063519	14.2821338614919
rs229103	SNP	rs229103	184	0.48	28227149	27.64	42.82	13.85	27149020	43.0316039922192	28.2223906146356	14.4971305696075
rs423048	SNP	rs423048	226	0.5	28234284	27.64	42.82	13.85	27156155	43.0671199159606	28.2430683915434	14.5069254167714
rs1497284	SNP	rs1497284	148	0.32	28361309	27.64	42.82	13.94	27283180	43.6685095992258	28.6771133861344	14.6762576247824
rs1788312	SNP	rs1788312	205	0.41	28520045	28	43.38	13.99	27441916	44.3611396971784	29.1573317914214	14.8916451317937
rs235946	SNP	rs235946	188	0.34	28562546	28	43.38	13.99	27484417	44.5246887680706	29.2750771934955	14.9547611109725
rs235947	SNP	rs235947	152	0.33	28562773	28	43.38	13.99	27484644	44.5255277505904	29.2756862045149	14.9551062338795
rs964224	SNP	rs964224	128	0.48	28624077	29.13	45.14	14.07	27545948	44.7418162777099	29.4374692921261	15.0493581802274
rs726188	SNP	rs726188	197	0.48	28624619	29.13	45.14	14.07	27546490	44.7436514945799	29.4388795253934	15.0501993215709
rs2078436	SNP	rs2078436	138	0.49	28624766	29.13	45.14	14.07	27546637	44.7441492379008	29.4392620056338	15.0504274540017
rs1155213	SNP	TSC0322607	278	0.44	28741114	29.13	45.14	14.18	27662985	45.138917431621	29.7321546261368	15.2315838292232
rs239682	SNP	TSC0867804	159	0.28	28762563	29.13	45.14	14.43	27684434	45.2107962338431	29.7856432398701	15.264391901629
rs1376928	SNP	TSC0534595	323	0.51	28766263	29.13	45.14	14.43	27688134	45.2232189165944	29.7948780028602	15.2700245176147
rs239681	SNP	TSC1129231	199	0.3	28772863	29.13	45.14	14.43	27694734	45.2453782966373	29.8113508233289	15.2800718866702
rs239677	SNP	TSC0680781	338	0.47	28774869	29.13	45.14	14.43	27696740	45.2521134051776	29.8163575623986	15.2831256779316
D21S2052	STS	D21S2052	1132	0.8	28818562	29.13	45.14	14.43	27740433	45.3973769901607	29.924200244919	15.3506471749575
D21S1258	STS	AFM295YG5	912	0.71	28819919	29.21	45.14	14.59	27741551	45.4018682818719	29.9275325077285	15.3527584323161
rs239627	SNP	TSC1184837	183	0.26	28820424	29.21	45.14	14.59	27742295	45.4035396910938	29.9287725907932	15.3535441249957
rs239620	SNP	TSC1272956	218	0.41	28824409	29.21	45.14	14.65	27746280	45.4167289302016	29.9385581967593	15.3597440959421
rs242339	SNP	TSC0539584	380	0.54	28832412	29.21	45.14	14.68	27754283	45.4424251179096	29.9578205577385	15.3723651310009
D21S1916	STS	AFMA052TC5	757	0.64	28981080	29.48	45.34	14.93	27902926	45.891961222197	30.2949017402594	15.6082342120058
rs2831032	SNP	rs2831032	204	0.38	28995201	29.48	45.34	14.93	27917072	45.9326956906106	30.3263237134782	15.6305954489156
rs2831036	SNP	rs2831036	230	0.47	29010367	29.48	45.34	14.93	27932238	45.9762129609657	30.3597751357040	15.6545115405407
rs991700	SNP	rs991700	285	0.44	29023627	29.48	45.34	14.93	27945498	46.0142611612102	30.3890225218780	15.6754219569293
rs2831098	SNP	rs2831098	299	0.44	29064988	29.59	45.59	14.93	27986859	46.1308096983026	30.4781317014974	15.7316710269944
D21S1915	STS	AFMA043ZE5	502	0.46	29120018	29.59	45.59	14.93	28041744	46.2726876816415	30.5914162510834	15.8211910725741
rs1964799	SNP	rs1964799	241	0.41	29382423	30.23	46.27	15.57	28304294	46.8360666965942	31.0595613743901	16.2286901744389
rs2831341	SNP	rs2831341	233	0.4	29385077	30.23	46.27	15.57	28306948	46.8404094464195	31.0636071833143	16.2327240090538
rs2831343	SNP	rs2831343	298	0.49	29385293	30.23	46.27	15.57	28307164	46.8407628880029	31.0639364578914	16.2330523090828
D21S1265	STS	MFD338	877	0.77	29729157	30.82	47.14	15.96	28651028	47.3157552673794	31.4812111700328	16.6017787793946
rs719025	SNP	rs719025	147	0.26	29753011	31.07	47.4	15.96	28674882	47.3439237467707	31.5043740213489	16.6158482088121
rs1534852	SNP	rs1534852	83	0.15	30119724	31.07	47.4	15.96	29041595	47.6958921991373	31.8067279756530	16.821345291116
rs764163	SNP	rs764163	58	0.28	30120764	31.07	47.4	15.96	29042635	47.696522440243	31.8073591046087	16.8217550277945
D21S82	STS	FR8-77	319	0.56	30215250	31.07	47.4	15.96	29137120	47.7493377384082	31.8586214539137	16.8586684810083
rs2254796	SNP	rs2254796	311	0.53	30341891	31.07	47.4	15.96	29263762	47.8120640979835	31.916636006765	16.9019161755313
rs2832181	SNP	rs2832181	283	0.52	30481371	31.07	47.4	15.96	29403242	47.8779250949405	31.9786158929646	16.9533616642916
rs2832191	SNP	rs2832191	243	0.48	30489300	31.07	47.4	15.96	29411171	47.8818003465934	31.9820906857746	16.9564769290423
rs15092	SNP	rs15092	198	0.47	30718201	31.07	47.4	15.96	29640072	47.9901087635005	32.0884092317532	17.0706640532319
D21S1901	STS	AFMB341WD9	577	0.56	30846638	31.39	47.65	16.44	29768328	48.0515703700271	32.1558696300494	17.1604727770403
rs1041732	SNP	rs1041732	84	0.16	30868064	31.39	47.65	16.44	29789935	48.0617762429802	32.1677350076326	17.1770161989957
rs363449	SNP	rs363449	230	0.48	30984275	31.39	47.65	16.44	29906146	48.1126885894974	32.2331796710224	17.2700937177138
rs2832411	SNP	rs2832411	245	0.53	30987343	31.39	47.65	16.44	29909214	48.1139083307453	32.2350316239794	17.2725482970164
rs2254136	SNP	rs2254136	188	0.27	31047208	31.39	47.65	16.44	29969079	48.1363529778652	32.2691197079566	17.3212124329695
D21S2054	STS	D21S2054	802	0.7	31056537	31.56	47.65	16.49	29978372	48.1397235656099	32.2741809838535	17.3289172531799
rs391460	SNP	rs391460	141	0.19	31120844	31.56	47.65	16.71	30042715	48.1602477540759	32.3087179329934	17.3817294734783
D21S1270	STS	GATA8G04	570	0.86	31706761	31.57	48.39	16.71	30628632	48.4264363204138	32.6869275460381	17.8828033666173
rs1395777	SNP	rs1395777	151	0.34	31934006	32.35	48.39	17.65	30855877	48.6274596410545	32.9146388608385	18.143693944162
D21S1239	STS	UT489	430	0.55	31962086	32.35	48.39	17.65	30883899	48.6556231021645	32.9457418170042	18.178379973351
rs1961491	SNP	rs1961491	58	0.49	31973685	32.35	48.39	17.69	30895556	48.6669151986294	32.9582858390096	18.1922818070478
D21S263	STS	AFM211ZG9	872	0.73	32221920	32.47	48.39	17.87	31143785	48.9214341049742	33.2546696799242	18.5364653467351
D21S1908	STS	AFMC016YG9	867	0.7	32243071	32.47	48.39	17.87	31164794	48.943931042385	33.2808507625759	18.5671619326313
D21S1913	STS	AFM317TC9	77	0.54	32428264	32.63	48.39	17.93	31349910	49.1468065095497	33.5238676531133	18.8535870222322
rs723470	SNP	rs723470	164	0.36	32525302	32.7	48.39	18.07	31447173	49.2536318165036	33.6611091029003	19.0271330823511
rs723469	SNP	rs723469	195	0.51	32525345	32.7	48.39	18.07	31447216	49.2536795452252	33.6611708942302	19.0272131018972
D21S1909	STS	AFM288YG5	840	0.76	32533316	32.7	48.76	18.07	31455116	49.262527118255	33.6726252823848	19.0420464926567
D21S1280	STS	UT706	48	0.73	32582793	32.7	48.78	18.07	31504651	49.3179098558128	33.7443453644959	19.134984687982
rs1977904	SNP	rs1977904	277	0.51	32667896	32.7	48.83	18.07	31589767	49.4073872443668	33.8706957022489	19.2973610691584
D21S2049	STS	D21S2049	137	0.68	32734703	32.7	48.83	18.07	31656574	49.4794203176353	33.9723029974414	19.4347270883605
D21S1888	STS	AFMA218WB1	111	0.79	32854306	33.71	48.9	18.86	31776148	49.6145049009416	34.1613130356468	19.6845129781187
rs2833435	SNP	rs2833435	257	0.48	32895093	33.71	50.16	18.86	31816964	49.6581490749856	34.2274078309577	19.7768197184259
rs2833439	SNP	rs2833439	296	0.58	32907070	33.92	50.16	19.17	31828941	49.6710359259222	34.2471312807274	19.8037468502155
rs1544	SNP	WIAF-3508	124	0.51	33085585	33.92	50.16	19.17	32007456	49.8868751281673	34.5473844261679	20.2102804070519
rs1041756	SNP	rs1041756	240	0.47	33239000	33.92	50.16	19.45	32160871	50.1258780996443	34.8206630829304	20.5479710031491
rs1010674	SNP	TSC0090293	196	0.35	33292070	34.12	50.16	19.45	32213941	50.2257704872684	34.9260220130477	20.6661394246995
D21S261	STS	AFM193XF10	574	0.48	33296374	34.12	50.16	19.45	32218203	50.2342251405022	34.9347852506809	20.6755348748181
rs2032084	SNP	TSC1105347	251	0.29	33354764	34.9	50.16	20.9	32276635	50.3541630475160	35.0496805411367	20.7977152582340
rs3818	SNP	WIAF-2643	180	0.55	33632187	34.9	50.16	20.9	32554058	50.9262526723249	35.6076662386754	21.4065102665656
D21S262	STS	AFM198TC5	532	0.76	33816306	34.9	50.53	20.9	32738136	51.3841708265396	36.0026148195695	21.7510949741855
rs762173	SNP	TSC0114891	246	0.46	33832675	34.9	50.53	20.96	32754546	51.4394765416899	36.0385905479526	21.7736970955983
D21S1413	STS	UT7582	63	0.77	33848103	35.07	50.53	21.51	32769677	51.4915858946107	36.0725030031985	21.7949714219929
rs844987	SNP	rs844987	67	0.11	34052834	35.4	50.54	21.51	32974705	52.1554600773411	36.5089936711541	21.9948288575524
rs844988	SNP	rs844988	70	0.11	34053961	35.4	50.54	21.51	32975832	52.1583735775173	36.5112440778290	21.9959381068878
rs768506	SNP	rs768506	91	0.43	34322251	35.97	51.69	21.51	33244121	52.9069056622785	37.0116142053156	22.2057487908456
D21S1835	STS	D21S1835	61	0.33	34344223	36.5	53.1	21.51	33266093	52.9694764088999	37.0507788385428	22.2160066957882
rs915534	SNP	rs915534	180	0.41	34425634	36.56	53.2	21.51	33347504	53.2107102560884	37.1998000322778	22.2492636230554
rs724208	SNP	rs724208	249	0.47	34491984	36.56	53.2	21.51	33413854	53.4065537737464	37.3149448730865	22.2725929588056
rs1476415	SNP	rs1476415	228	0.5	34598385	36.92	53.67	21.51	33520255	53.7320413180908	37.5002442422284	22.3065511217972
D21S1898	STS	AFMB308XE5	975	0.78	34609231	36.92	53.67	21.51	33531078	53.765955271288	37.5173355227484	22.3099518017606
rs3153	SNP	WIAF-1500	77	0.35	34609505	36.92	53.92	21.51	33531375	53.7668139841517	37.5177635025346	22.3100377412368
rs2250226	SNP	rs2250226	209	0.43	34632316	36.92	53.92	21.51	33554186	53.8383033970483	37.5533936007257	22.3171923594514
D21S2039	STS	IFNAR	632	0.74	34717022	37.11	53.92	21.51	33638892	54.0452345195563	37.6678960621879	22.3439530318886
rs1532	SNP	WIAF-3496	128	0.46	34804966	37.35	54.58	21.51	33726836	54.227226951684	37.7772122048909	22.3769734757754
rs1044195	SNP	rs1044195	175	0.31	34821807	37.35	54.58	21.51	33743677	54.2621088526377	37.7993706586505	22.3837533019985
D21S1910	STS	AFM289XH1	176	0.92	34949774	37.35	54.58	21.51	33871621	54.5418925135035	37.9809113475272	22.4541882212755
D21S1254	STS	AFM276ZA5	576	0.58	35075367	37.35	54.58	21.51	33997189	54.841102386115	38.1746306650183	22.5423089195292
rs743337	SNP	rs743337	151	0.36	35265524	37.49	54.58	21.51	34187394	55.1844860547143	38.4610290444331	22.7810009761500
rs915574	SNP	rs915574	209	0.45	35268336	37.49	54.58	21.51	34190206	55.1887792671146	38.4654774434685	22.7858863498861
rs1573275	SNP	rs1573275	174	0.58	35268649	37.52	54.58	21.89	34190519	55.1892571389074	38.4659725888803	22.7864301343738
D21S1445	STS	D21S1445	750	0.72	35375662	37.52	54.58	21.89	34297532	55.3498314414274	38.6520172649484	22.9910273848741
rs2834380	SNP	rs2834380	276	0.57	35491500	37.52	54.58	21.89	34413370	55.5042814927753	38.8361341653573	23.2070375878505
rs1072130	SNP	rs1072130	284	0.47	35582703	37.92	54.58	22.49	34504573	55.6118549323247	38.9738544066247	23.3868218998702
rs743338	SNP	rs743338	277	0.51	35617648	37.92	54.58	22.49	34539518	55.6647735701613	39.0450049343727	23.4685929927938
D21S1920	STS	AFMA086YF9	142	0.86	35697192	37.92	55.71	22.49	34618978	55.8040033436933	39.2055544475525	23.6494340574961
rs3453	SNP	WIAF-1943	135	0.52	35819063	38.93	55.71	23.42	34740933	56.0178807657981	39.4368958397638	23.9130756124109
D21S65	STS	D21S65	447	0.91	36089085	39.16	55.72	24.36	35010948	56.4827672574358	39.9827393705441	24.5417047851945
rs1981391	SNP	rs1981391	110	0.27	36125530	39.16	55.72	24.36	35047400	56.562098787835	40.0627228081773	24.6189277287565
rs1892687	SNP	TSC0918566	260	0.45	36312022	39.94	56.86	24.36	35233892	56.9867943017822	40.4826214167999	25.0464697518755
rs2051179	SNP	rs2051179	271	0.46	36326553	39.94	56.86	24.36	35248423	57.0205974645801	40.5180954266891	25.0843331111764
D21S1895	STS	AFMB280XD9	156	0.87	36351059	39.94	56.86	24.36	35272854	57.0790131297879	40.5786500098524	25.1481715985762
rs933131	SNP	TSC0259764	327	0.47	36359688	39.94	56.86	24.36	35281558	57.1000329456559	40.6002056792874	25.1706449296366
rs882776	SNP	TSC0219858	329	0.47	36388287	40.16	56.86	24.78	35310157	57.168559123643	40.6719884638715	25.2447947086758
D21S1921	STS	AFMA099WC9	147	0.87	36422181	40.16	56.86	24.78	35343950	57.248503242494	40.7578626235694	25.3322857747464
rs928283	SNP	TSC0245086	380	0.49	36434159	40.16	56.86	24.78	35356029	57.278938541724	40.7884363485986	25.3638101002166
rs11088310	SNP	rs11088310	231	0.5	36471176	40.16	56.87	24.78	35393046	57.3734968568071	40.8828937597387	25.4587739696213
rs2834771	SNP	rs2834771	121	0.36	36482059	40.2	56.89	24.78	35403929	57.4015288845846	40.9106512225327	25.4855541259004
D21S1894	STS	AFMB277XC9	876	0.69	36654441	40.84	58.16	24.78	35576310	57.8374620418986	41.3384190287018	25.8836795022877
rs2834949	SNP	rs2834949	284	0.51	36879683	40.87	58.16	25.41	35801553	58.3951943859341	41.8504759453189	26.3086863402833
D21S17	STS	D21S17	116	0.45	36970455	41.08	58.16	25.41	35892325	58.6141216336574	42.0714170627342	26.5251091754191
D21S211	STS	MFD163	393	0.56	37026457	41.08	58.16	25.41	35948258	58.7492915318969	42.2120411231253	26.6642423040002
rs1014803	SNP	rs1014803	253	0.49	37094040	41.08	58.16	25.41	36015910	58.9115162793335	42.3695926100206	26.8190836782747
rs718387	SNP	rs718387	37	0.09	37128077	41.08	58.36	25.41	36049947	58.9926236073831	42.4478827777566	26.8983839038807
rs2018721	SNP	rs2018721	207	0.44	37422966	42.82	59.17	27.43	36344836	59.6875856765965	43.2022152461621	27.7435323273183
rs726271	SNP	rs726271	263	0.46	37525535	43.03	59.87	27.43	36447405	59.921460998207	43.4809518437388	28.0626751475245
rs417557	SNP	rs417557	283	0.46	38013006	43.86	60.51	28.62	36934876	61.1683259032425	44.8302788534199	29.432570453851
rs381192	SNP	rs381192	327	0.43	38015414	43.86	60.51	28.62	36937284	61.1736278611245	44.8341849572483	29.4355154914889
rs2845778	SNP	rs2845778	302	0.48	38027731	43.86	60.51	28.62	36949601	61.2007475518356	44.8541648081012	29.4505794568489
rs1012959	SNP	rs1012959	285	0.51	38061622	44.58	61.15	29.27	36983492	61.269140799048	44.9082163406038	29.4950443174644
D21S167	STS	D21S167	1009	0.79	38195814	44.7	61.49	29.27	37117684	61.5121752520516	45.1184157865539	29.6681472924388
rs2835574	SNP	rs2835574	325	0.49	38455324	44.7	61.49	29.27	37377194	61.9399737857084	45.4867481075729	29.9641085050923
rs2835582	SNP	rs2835582	325	0.49	38458773	44.7	61.49	29.27	37380643	61.9451886089193	45.4913039287429	29.9672833746373
rs2835584	SNP	rs2835584	325	0.49	38460338	44.7	61.49	29.27	37382208	61.9475548595209	45.4933711540636	29.9687239866518
D21S267	STS	AFM238WC3	769	0.78	38467401	44.7	61.49	29.27	37389250	61.958233982843	45.5027007466769	29.9752256113535
rs2835601	SNP	rs2835601	325	0.49	38469017	44.7	61.49	29.27	37390887	61.9606773444866	45.5048353384457	29.9767131698298
D21S1900	STS	AFMB335ZE5	817	0.61	38473520	44.9	61.78	29.27	37395387	61.9674031226134	45.5107868462024	29.9809270919250
rs2835626	SNP	rs2835626	209	0.38	38512698	44.9	61.78	29.27	37434568	62.0227655857252	45.5626955265703	30.0202944531763
rs764175	SNP	rs764175	307	0.5	38517058	44.9	61.78	29.27	37438928	62.0293008042517	45.5684254612965	30.0250688115914
rs2835629	SNP	rs2835629	307	0.5	38521660	44.9	61.78	29.27	37443530	62.0361987573844	45.5744734336841	30.0301081687992
rs2835638	SNP	rs2835638	307	0.5	38534533	44.9	61.78	29.27	37456403	62.0554941399741	45.5913911973837	30.0442045715234
rs2040125	SNP	rs2040125	325	0.51	38549236	44.9	61.78	29.27	37471106	62.077532515661	45.6107139566221	30.0603048907383
rs2835649	SNP	rs2835649	307	0.5	38552230	44.9	61.78	29.27	37474100	62.0820037380432	45.6146453940255	30.0635214908567
rs2835653	SNP	rs2835653	307	0.51	38558636	44.9	61.78	29.27	37480506	62.0913868373319	45.6230204949674	30.0697143768724
D21S1919	STS	AFMA085ZA5	128	0.87	38564729	44.9	61.78	29.27	37486537	62.1003114742295	45.6309863847643	30.0756046757319
rs2835657	SNP	rs2835657	308	0.51	38565064	44.9	61.78	29.27	37486934	62.1008021608142	45.631424358354	30.075928530995
rs2835667	SNP	rs2835667	307	0.5	38579914	44.9	61.78	29.27	37501784	62.12255349151	45.6508390085238	30.0902845031045
rs2251085	SNP	TSC1651758	364	0.47	38768276	45.04	61.98	29.39	37690146	62.3830339468161	45.8926223056742	30.2863904301542
rs928764	SNP	TSC0245792	310	0.42	38827730	45.04	61.98	29.39	37749600	62.4568451013132	45.9662130291273	30.3440708362108
D21S270	STS	AFM031XC5	893	0.85	38830521	45.04	61.98	29.39	37752362	62.4601179403994	45.9696736275471	30.3472441316630
rs724671	SNP	TSC0055761	453	0.5	38893603	45.04	61.98	29.39	37815473	62.5336977326422	46.0475006835819	30.4228263201855
rs724492	SNP	rs724492	21	0.05	39051859	45.04	61.98	29.39	37973729	62.699373480025	46.24606598919	30.653793539874
rs1005545	SNP	rs1005545	218	0.47	39069197	45.04	61.98	29.39	37991067	62.716597269744	46.2680838517893	30.6801154737565
rs1543754	SNP	rs1543754	289	0.49	39094107	45.04	62.27	29.39	38015977	62.7412431879185	46.3005691656033	30.7200217027623
D21S1440	STS	ATA27F01	809	0.72	39141627	45.2	62.27	29.6	38063497	62.7911888120307	46.3697472494295	30.8052062637238
rs1016694	SNP	rs1016694	270	0.48	39234818	45.95	62.27	29.81	38156688	62.8937832342891	46.522026855447	31.0551593663173
D21S1238	STS	UT409	291	0.28	39263491	45.97	62.78	30.49	38185219	62.9267983542282	46.5741358531476	31.1468977714064
D21S1917	STS	AFMA066YB1	714	0.64	39342425	46.31	62.78	31	38264250	63.0286572867813	46.7211276067751	31.3773948207487
D21S1444	STS	D21S1444	1019	0.83	39359638	46.31	63.02	31	38281508	63.0499971127146	46.7549481354998	31.4223312632295
D21S259	STS	AFM016XE5	709	0.72	39448957	46.45	63.02	31.27	38370733	63.1799129916227	46.9373511075519	31.6824781051983
D21S1883	STS	AFMA114YB9	691	0.66	39498668	46.45	63.02	31.27	38420536	63.26130196449	47.0587192345815	31.8614017878803
rs2836179	SNP	rs2836179	371	0.48	39544159	46.45	63.02	31.27	38466029	63.3314969628397	47.1661623048151	32.0283002143263
rs2211860	SNP	rs2211860	340	0.46	39552192	46.45	63.02	31.27	38474062	63.344229375039	47.1811462357822	32.0496984132242
rs715080	SNP	rs715080	323	0.47	39611222	46.45	63.02	31.27	38533092	63.4392461714103	47.2931647572775	32.2026147466509
rs2836301	SNP	rs2836301	261	0.47	39677589	46.45	63.02	31.27	38599459	63.547338123425	47.4187589484658	32.3613324509559
D21S1255	STS	AFM283XH9	982	0.82	39794957	46.57	63.02	31.5	38716580	63.7742008427493	47.6644111882301	32.6242353137774
D21S1809	STS	GATA71H10	111	0.74	39890061	46.6	63.02	32.59	38811931	64.0188517731542	47.8995252542533	32.8349049682445
ETS2	other	ETS2	277	0.47	40195137	47.92	64.4	32.79	39117007	64.7255444444246	48.6142321940193	33.5065342487276
rs469190	SNP	rs469190	115	0.36	40241282	47.92	64.4	32.79	39163152	64.8312136681989	48.7267749562809	33.6246469105300
D21S156	STS	D21S156	404	0.78	40335780	47.92	64.4	32.79	39257649	65.0124091228275	48.9353102162303	33.8398484856456
rs2836803	SNP	rs2836803	232	0.43	40351780	47.92	64.4	32.79	39273650	65.0396804720032	48.9659340139018	33.8717131861878
D21S3	STS	D21S3	218	0.44	40381870	47.92	64.4	32.79	39303739	65.0921177987228	49.0246044339828	33.9300853484351
rs4816609	SNP	rs4816609	228	0.43	40388273	47.92	64.4	32.79	39310143	65.1036518858719	49.0374415024939	33.9419992431205
rs9979861	SNP	rs9979861	120	0.21	40389724	47.92	64.54	32.79	39311594	65.1062656544887	49.0403505430077	33.9446990808823
rs2836843	SNP	rs2836843	236	0.37	40392784	48.59	65.28	32.79	39314654	65.1117778060857	49.0464853906797	33.9503927428746
D21S1891	STS	AFMB024YH5	147	0.83	40421428	48.59	65.28	32.79	39343278	65.1623742088815	49.1033141057181	34.0060782017645
D21S268	STS	AFM260ZE9	148	0.83	40579333	49.27	65.57	34.26	39501115	65.4553879398753	49.4359500389521	34.3385061943576
rs2836956	SNP	rs2836956	273	0.5	40623018	49.27	65.57	34.26	39544888	65.5268606170188	49.5178809803913	34.4279314693428
rs13625	SNP	rs13625	221	0.37	40669083	49.27	65.57	34.26	39590953	65.5857960735104	49.6005570011624	34.5188150777012
D21S1412	STS	UT6930	53	0.47	40750288	49.27	65.57	34.34	39672157	65.6647055650567	49.71704175945	34.6796101737345
D21S1246	STS	UT973	784	0.73	40871104	49.27	65.57	34.34	39792863	65.8023492600318	49.9195430614703	34.9655852793407
rs1522	SNP	WIAF-3486	39	0.18	40887185	49.27	65.57	34.34	39809055	65.8250380252215	49.9508742117826	35.0070997816209
D21S168	STS	D21S168	1172	0.77	40945522	49.27	65.57	34.34	39867392	65.9351669582445	50.0795089076266	35.1623216736165
D21S416	STS	ABMC19	418	0.76	40947685	49.27	65.57	34.34	39869554	65.9392190548536	50.0844336978302	35.1681244310074
rs1404517	SNP	rs1404517	189	0.4	41023218	49.27	65.57	34.34	39945088	66.1103717380134	50.2629677307592	35.3776787350316
rs1534081	SNP	rs1534081	83	0.56	41023611	49.27	65.57	34.34	39945481	66.1113603294345	50.2639921894686	35.3787973095552
D21S1408	STS	UT5040	33	0.69	41051818	49.27	65.57	34.34	39973684	66.1824862742529	50.3374283120975	35.4584792184310
rs2837121	SNP	rs2837121	219	0.51	41066226	49.27	65.57	34.34	39988096	66.2189799597943	50.3748507566495	35.4986075646079
D21S2055	STS	GATA188F04	142	0.81	41191420	49.27	65.57	34.34	40113238	66.5383584365498	50.6993038977425	35.8353645843575
rs720942	SNP	rs720942	42	0.11	41214345	49.27	65.57	34.34	40136215	66.5995198990616	50.7578329643187	35.8946978743933
rs59232	SNP	rs59232	240	0.44	41215550	49.27	65.57	34.34	40137420	66.602866961389	50.76087352961	35.8977914729901
rs720566	SNP	rs720566	183	0.49	41326577	49.87	66.33	34.34	40248447	66.9622717107748	51.0957378482142	36.2243598323223
rs720567	SNP	rs720567	142	0.44	41326658	49.87	66.33	34.34	40248528	66.962574670081	51.0960214635676	36.2246271591002
rs720568	SNP	rs720568	160	0.51	41326917	49.87	66.36	34.34	40248787	66.9635433918134	51.0969283324136	36.2254819447232
rs1734921	SNP	TSC1160332	335	0.46	41345008	51.05	66.38	36.53	40266878	67.0312080437833	51.1602725960939	36.2851882254451
D21S1893	STS	AFM206ZC7	798	0.73	41356608	51.05	67.24	36.53	40278208	67.0745948086305	51.200889115838	36.3234720603008
rs2142090	SNP	TSC1160334	278	0.45	41370504	51.05	67.24	36.53	40292374	67.1282269911097	51.2519170818281	36.3717724259172
rs2010513	SNP	TSC0252684	225	0.43	41375324	51.05	67.24	36.53	40297194	67.1469033951963	51.2697218155842	36.3886340156387
rs2837470	SNP	rs2837470	237	0.51	41532817	51.05	67.24	36.81	40454687	67.8261842393507	51.9073235283806	36.9828136693777
rs2837536	SNP	rs2837536	229	0.49	41624622	51.84	68.37	36.81	40546492	68.2463743258268	52.28515789554	37.3163273093775
rs2210267	SNP	rs2210267	229	0.54	41763225	51.84	68.37	36.81	40685095	68.8819956297478	52.8212815536388	37.7639202248614
rs2222976	SNP	TSC1288239	261	0.44	41787939	51.84	68.37	36.81	40709809	68.9855846581116	52.9062545586832	37.8350008783681
rs2837622	SNP	rs2837622	297	0.48	41795056	51.84	68.37	36.81	40716926	69.0153355094862	52.9307443288982	37.8552006379455
rs2142077	SNP	TSC1160314	321	0.45	41816195	52.5	69.17	37.05	40738065	69.1031235001625	53.0036264407389	37.9132522013708
D21S1889	STS	AFMA230YD1	157	0.93	41824795	52.5	69.17	37.05	40746648	69.1388383740835	53.0332771414263	37.9368693755729
rs956147	SNP	TSC0149483	271	0.39	41838145	52.5	69.17	37.05	40760015	69.1956952910181	53.0802017239312	37.9740537752829
rs1980408	SNP	TSC0926934	270	0.35	41855140	52.5	69.17	37.53	40777010	69.270542313137	53.1415008937715	38.0223015547765
rs2837710	SNP	rs2837710	220	0.47	41940803	52.5	69.17	37.53	40862673	69.6493100146844	53.4349983636030	38.2461580480713
rs3714	SNP	WIAF-2477	61	0.28	41975946	52.55	69.17	37.53	40897816	69.7877922727884	53.5395836670099	38.3200207058135
D21S231	STS	D21S231	264	0.64	42011482	52.95	69.17	37.62	40933351	69.9246945503557	53.647278324846	38.3941819392994
D21S1906	STS	AFMC013WD1	692	0.53	42128814	53.18	70.1	37.62	41050541	70.4103819365856	53.9998843330685	38.6235856612073
D21S1887	STS	AFMA137YF5	777	0.71	42215270	53.49	70.43	37.82	41137130	70.7478818157087	54.2306482000566	38.7487437641268
rs2837888	SNP	rs2837888	267	0.52	42335986	53.49	70.43	37.82	41257856	71.293863651202	54.590737170479	38.9397270254933
rs2210273	SNP	rs2210273	267	0.52	42342454	53.49	70.43	37.82	41264324	71.3244856315264	54.6115899912638	38.9515536568134
D21S1245	STS	UT762	22	0.65	42413471	54.04	71.4	38.29	41335340	71.6818690308381	54.8587241808334	39.1028981742238
D21S1235	STS	ABMC75	196	0.72	42465455	54.48	71.87	38.75	41387324	71.9620490850763	55.0505375247981	39.2242579316643
D21S198	STS	D21S198	298	0.86	42475362	54.48	71.87	38.75	41397232	72.0176065629604	55.0894043704056	39.2494417010152
rs2838002	SNP	rs2838002	243	0.35	42648767	54.48	71.87	38.75	41570637	73.0374520409715	55.8058798604878	39.7314305156241
rs1888517	SNP	rs1888517	227	0.5	42665680	54.48	71.87	38.75	41587550	73.1523993205136	55.8896828909169	39.7905107026619
D21S266	STS	AFM234XG9	669	0.59	42684564	54.92	72.33	38.75	41606426	73.2772352430026	55.9792260211184	39.8531423213452
D21S1224	STS	ABMC60	52	0.67	42727931	55.06	72.57	38.75	41649800	73.549776016742	56.1780433266384	39.9995202730866
D21S1260	STS	AFMA152WD1	990	0.76	42796042	55.29	72.94	38.75	41717895	74.0087480014493	56.523741925294	40.2778849066011
rs458582	SNP	rs458582	240	0.43	42804506	55.33	74.37	38.75	41726376	74.0699467964063	56.5721193654971	40.3160594640453
D21S212	STS	D21S212	507	0.86	43152991	58.29	77.37	41.26	42026060	76.4805764158449	58.554424072736	41.9717204642626
rs2838112	SNP	rs2838112	302	0.46	43158559	58.29	77.37	41.26	42031628	76.5200863679341	58.5887981241241	42.0011555185146
rs9979631	SNP	rs9979631	296	0.49	43377304	59.13	77.37	42.28	42250373	77.8555413986642	59.8265098486322	43.1253534570372
rs9325627	SNP	rs9325627	298	0.47	43403888	59.13	77.37	42.28	42276957	77.956077810741	59.9350464935423	43.2295823303572
rs928874	SNP	rs928874	111	0.36	43422525	59.13	77.86	42.28	42295594	78.0242093435983	60.0045805344239	43.3027161276115
rs987523	SNP	rs987523	265	0.45	43427963	59.2	77.86	43.15	42301032	78.0433431279056	60.0227886917358	43.3240754845844
rs915847	SNP	rs915847	204	0.45	43657248	60.32	79.05	43.15	42530317	78.773062173803	60.8123857090869	44.1335965939665
rs1541290	SNP	rs1541290	226	0.45	43718483	61.07	79.05	44.54	42591552	78.9388815780792	60.9999379220595	44.3348661853197
rs876498	SNP	rs876498	271	0.55	43841827	61.07	79.05	44.54	42714896	79.2549617348138	61.3744216595893	44.7432559650661
rs2839524	SNP	rs2839524	251	0.51	43872872	61.07	79.05	44.54	42745941	79.3197745861718	61.4568676524153	44.8366017576223
rs875060	SNP	rs875060	190	0.54	43944231	61.07	79.05	44.54	42817300	79.455202955999	61.631520456656	45.049347784217
rs1399925	SNP	rs1399925	171	0.39	43991942	61.07	79.05	44.54	42865011	79.5388960105269	61.7472996044034	45.1845480565905
rs2839576	SNP	rs2839576	161	0.36	44139957	61.07	79.05	44.54	43013026	79.766242638523	62.085650989209	45.6022356582393
D21S1411	STS	UT1355	873	0.85	44160670	61.07	79.05	44.54	43033712	79.7931723342888	62.1273335806468	45.6604716473458
D21S113	STS	PMCT15	279	0.54	44187616	61.07	79.05	44.54	43060684	79.8252981160677	62.1837937500017	45.7306267051187
rs967445	SNP	rs967445	229	0.46	44196394	61.07	79.05	44.54	43069463	79.8356010227807	62.2023112144015	45.7531673840533
rs1009828	SNP	rs1009828	169	0.42	44306696	61.07	79.05	44.54	43179765	79.9517215292038	62.4085516076327	46.0255838854849
rs234693	SNP	rs234693	184	0.43	44432880	61.07	79.05	44.54	43305949	80.0915390567798	62.642419858155	46.3348396242314
rs234705	SNP	rs234705	285	0.44	44483772	61.55	79.05	45.71	43356841	80.1368981142401	62.7279257289984	46.4568999118644
rs2839648	SNP	rs2839648	263	0.4	44607006	61.65	79.54	45.71	43480075	80.2308747964407	62.915357475471	46.7303130955021
rs2839649	SNP	rs2839649	275	0.46	44607103	61.65	79.54	45.71	43480172	80.2309480855026	62.9155250831683	46.7305462532185
rs2839652	SNP	rs2839652	291	0.47	44626629	61.65	79.54	45.71	43499698	80.2457010981013	62.949264339833	46.7774806611528
rs2838229	SNP	rs2838229	260	0.44	44695202	62.77	80.34	45.71	43519630	80.2996030213181	63.0654090670961	46.9423145539251
rs3366	SNP	WIAF-1856	49	0.18	44834825	62.77	80.34	46.57	43659253	80.3889206452656	63.2752936285547	47.2669801985852
D21S1890	STS	AFMB008ZE5	788	0.9	44848178	62.77	80.34	46.85	43672583	80.3963861828957	63.2914398052411	47.2946052468201
D21S1885	STS	AFMA133XC9	462	0.54	44860110	62.77	80.34	46.85	43684416	80.4030658679016	63.3056206753532	47.3191768839238
rs1299	SNP	WIAF-2214	117	0.47	45182064	62.77	80.34	46.85	44006492	80.5762753841103	63.8085090627141	48.1394354677869
rs1573334	SNP	TSC0470060	233	0.31	45237494	63.57	80.34	47.99	44061922	80.6016587816719	63.8974585983706	48.2843391969111
D21S1912	STS	AFM071XA1	1072	0.86	45577888	63.57	80.34	48.26	44402164	80.6773659495133	64.4983394093496	49.3367212144245
rs1008537	SNP	rs1008537	93	0.37	45646010	63.57	80.34	48.26	44470438	80.6872465485969	64.6272454129805	49.5656434071232
PFKL	STS	PFKL	262	0.44	45719039	63.57	80.34	48.26	44543467	80.6971106269663	64.7661743049382	49.8178123627085
rs1785452	SNP	rs1785452	170	0.42	45837790	64.32	80.34	49.7	44662218	80.7115276453325	64.9961326579595	50.2308113432096
D21S171	STS	MFD95	391	0.62	45992640	64.32	80.34	49.7	44817067	80.7291875174352	65.2663467046858	50.7646236872365
D21S1903	STS	AFMB347ZC1	141	0.77	46141045	64.32	80.34	49.7	44965472	80.745175662874	65.5205612142436	51.3355415096109
rs2838665	SNP	rs2838665	237	0.4	46148874	64.32	80.34	49.7	44973302	80.7459739053477	65.5341982996129	51.3661611867181
rs235310	SNP	rs235310	208	0.42	46268361	65.77	80.34	52.51	45092789	80.758510686149	65.7478276305913	51.8302253651816
D21S1897	STS	AFMB298XD5	137	0.76	46544624	65.77	80.34	52.51	45369051	80.789279753662	66.27913110742	52.899770286413
rs2255761	SNP	rs2255761	231	0.49	46683622	65.77	80.34	52.51	45508050	80.8069857391847	66.5701131504596	53.4465344576305
rs10098	SNP	rs10098	226	0.46	46715545	65.77	80.34	52.51	45539973	80.8114468371582	66.6379288864661	53.5731497950577
rs2838970	SNP	rs2838970	280	0.48	47045467	66.82	80.34	54.87	45869895	80.8734806599685	67.3410227779787	54.9099893481317
rs3367	SNP	WIAF-1857	37	0.22	47183896	66.82	80.34	54.87	46008324	80.9213663754382	67.648214674558	55.4806520622628
rs725930	SNP	rs725930	96	0.19	47190214	66.82	80.34	54.87	46014642	80.9242752954012	67.6623813727904	55.5068693286929
rs743352	SNP	rs743352	244	0.41	47286394	66.82	80.34	54.87	46110822	80.9703995988314	67.8794923700141	55.9075370148733
rs1547240	SNP	TSC0428582	335	0.45	47320805	66.82	80.34	54.87	46145233	80.9870988640887	67.957941543343	56.051647207786
D21S112	STS	CRI-L427	256	0.78	47328106	66.82	80.34	54.87	46152533	80.9906706023755	67.9746048604031	56.0822412337758
rs1883046	SNP	TSC0897410	250	0.29	47330225	66.82	80.34	54.87	46154653	80.9917500582127	67.9794627864143	56.091141266753
rs2968	SNP	WIAF-899	276	0.43	47608580	67.98	80.4	56.65	46433008	81.1512691276249	68.6285354502366	57.2758502412548
rs1029262	SNP	TSC0254098	310	0.5	47931245	68.82	81.13	58.12	46755673	81.383233790714	69.4145841146178	58.6771450564891
rs762251	SNP	TSC0115053	170	0.3	47953054	68.82	81.13	58.12	46777482	81.4004749294282	69.4721263261655	58.7740683356699
D21S2058	STS	D21S2058	14	0.31	47968032	68.82	81.13	58.12	46792460	81.4130030897314	69.5097693414028	58.8402990948974
rs1107065	SNP	TSC0204901	380	0.49	47974582	68.82	81.13	58.12	46799010	81.4186926568875	69.525655298375	58.8691597613421
rs2300403	SNP	TSC1735054	394	0.49	48021054	68.82	81.13	58.12	46845482	81.4634286260735	69.6392063931526	59.0737306783608
rs2186358	SNP	TSC1234843	390	0.41	48022375	68.82	81.13	58.12	46846803	81.4648349274056	69.6424600803059	59.0795397617396
D21S1446	STS	GATA70B08	142	0.68	48037585	68.82	81.13	58.12	46862010	81.4810270873306	69.6799230489672	59.1464255741481
rs2256070	SNP	rs2256070	246	0.39	48061211	68.82	81.13	58.12	46885639	81.5349494671167	69.754849685965	59.2370018278473
rs2256207	SNP	rs2256207	246	0.39	48062080	68.82	81.13	58.12	46886508	81.536965113404	69.7576243881859	59.2403184069577
rs2839372	SNP	rs2839372	246	0.39	48063862	68.82	81.13	58.12	46888290	81.5410984640182	69.7633142838793	59.2471194932349
rs2839377	SNP	rs2839377	319	0.5	48077812	68.82	81.13	58.12	46902240	81.5734555016554	69.8078563966306	59.3003603201524
